Steppingstone sampler:
        No Stones:                  1000
        Start It:                   100050001
        It Per Stone:               5000
        Sample Freq:                1
        Dist:                       Beta(0.400000,1.000000)
Stone No	Power	N	Stone MLh	Running MLh
0	0.997502	3750	-0.083452	-0.083452
1	0.995007	3750	-0.080922	-0.164373
2	0.992517	3750	-0.084781	-0.249154
3	0.990030	3750	-0.082881	-0.332035
4	0.987547	3750	-0.082790	-0.414825
5	0.985067	3750	-0.083292	-0.498117
6	0.982592	3750	-0.081250	-0.579367
7	0.980120	3750	-0.079761	-0.659128
8	0.977652	3750	-0.082776	-0.741904
9	0.975187	3750	-0.082507	-0.824411
10	0.972726	3750	-0.081755	-0.906166
11	0.970269	3750	-0.084291	-0.990457
12	0.967816	3750	-0.081320	-1.071777
13	0.965367	3750	-0.083117	-1.154893
14	0.962921	3750	-0.082796	-1.237689
15	0.960479	3750	-0.081434	-1.319124
16	0.958040	3750	-0.083048	-1.402172
17	0.955606	3750	-0.082253	-1.484425
18	0.953175	3750	-0.081809	-1.566234
19	0.950747	3750	-0.081869	-1.648103
20	0.948324	3750	-0.080396	-1.728500
21	0.945904	3750	-0.081568	-1.810067
22	0.943488	3750	-0.081323	-1.891391
23	0.941076	3750	-0.080799	-1.972190
24	0.938667	3750	-0.081558	-2.053748
25	0.936262	3750	-0.080223	-2.133970
26	0.933861	3750	-0.079119	-2.213090
27	0.931463	3750	-0.082341	-2.295431
28	0.929069	3750	-0.080494	-2.375924
29	0.926679	3750	-0.079809	-2.455733
30	0.924293	3750	-0.080235	-2.535968
31	0.921910	3750	-0.079711	-2.615679
32	0.919531	3750	-0.078133	-2.693812
33	0.917155	3750	-0.077959	-2.771771
34	0.914783	3750	-0.079259	-2.851030
35	0.912415	3750	-0.081290	-2.932320
36	0.910051	3750	-0.078295	-3.010615
37	0.907690	3750	-0.078270	-3.088885
38	0.905333	3750	-0.076895	-3.165780
39	0.902980	3750	-0.080776	-3.246556
40	0.900630	3750	-0.076728	-3.323284
41	0.898284	3750	-0.077227	-3.400511
42	0.895942	3750	-0.076079	-3.476591
43	0.893603	3750	-0.076626	-3.553217
44	0.891268	3750	-0.077294	-3.630511
45	0.888937	3750	-0.077946	-3.708458
46	0.886609	3750	-0.077150	-3.785608
47	0.884285	3750	-0.078303	-3.863911
48	0.881965	3750	-0.079086	-3.942996
49	0.879648	3750	-0.077090	-4.020086
50	0.877335	3750	-0.078631	-4.098718
51	0.875026	3750	-0.077324	-4.176042
52	0.872720	3750	-0.076423	-4.252465
53	0.870418	3750	-0.076116	-4.328581
54	0.868120	3750	-0.075270	-4.403851
55	0.865825	3750	-0.076288	-4.480139
56	0.863534	3750	-0.077419	-4.557557
57	0.861246	3750	-0.074626	-4.632184
58	0.858962	3750	-0.077233	-4.709416
59	0.856682	3750	-0.076870	-4.786286
60	0.854405	3750	-0.076264	-4.862550
61	0.852132	3750	-0.076392	-4.938942
62	0.849863	3750	-0.076776	-5.015718
63	0.847597	3750	-0.076203	-5.091920
64	0.845335	3750	-0.076957	-5.168877
65	0.843077	3750	-0.076362	-5.245239
66	0.840822	3750	-0.078202	-5.323441
67	0.838571	3750	-0.075904	-5.399344
68	0.836323	3750	-0.074329	-5.473673
69	0.834079	3750	-0.076056	-5.549729
70	0.831839	3750	-0.076982	-5.626711
71	0.829602	3750	-0.074491	-5.701202
72	0.827369	3750	-0.075255	-5.776456
73	0.825140	3750	-0.075512	-5.851969
74	0.822914	3750	-0.075213	-5.927181
75	0.820691	3750	-0.075504	-6.002686
76	0.818473	3750	-0.074349	-6.077035
77	0.816258	3750	-0.074091	-6.151126
78	0.814046	3750	-0.075766	-6.226892
79	0.811838	3750	-0.075861	-6.302753
80	0.809634	3750	-0.074130	-6.376884
81	0.807433	3750	-0.073493	-6.450377
82	0.805236	3750	-0.075246	-6.525623
83	0.803043	3750	-0.073756	-6.599379
84	0.800853	3750	-0.073372	-6.672751
85	0.798667	3750	-0.074400	-6.747151
86	0.796484	3750	-0.073153	-6.820304
87	0.794305	3750	-0.073755	-6.894059
88	0.792129	3750	-0.073619	-6.967678
89	0.789957	3750	-0.072856	-7.040533
90	0.787789	3750	-0.073177	-7.113710
91	0.785624	3750	-0.075234	-7.188944
92	0.783463	3750	-0.074229	-7.263173
93	0.781305	3750	-0.074083	-7.337256
94	0.779151	3750	-0.072310	-7.409566
95	0.777000	3750	-0.075535	-7.485101
96	0.774853	3750	-0.072742	-7.557842
97	0.772710	3750	-0.072408	-7.630250
98	0.770570	3750	-0.071156	-7.701407
99	0.768433	3750	-0.070651	-7.772058
100	0.766301	3750	-0.071480	-7.843538
101	0.764172	3750	-0.072538	-7.916076
102	0.762046	3750	-0.070669	-7.986744
103	0.759924	3750	-0.072692	-8.059436
104	0.757805	3750	-0.072836	-8.132272
105	0.755690	3750	-0.072269	-8.204541
106	0.753579	3750	-0.071544	-8.276085
107	0.751471	3750	-0.071679	-8.347763
108	0.749366	3750	-0.072685	-8.420449
109	0.747266	3750	-0.071080	-8.491528
110	0.745168	3750	-0.071392	-8.562920
111	0.743075	3750	-0.071470	-8.634390
112	0.740984	3750	-0.069081	-8.703471
113	0.738898	3750	-0.070386	-8.773858
114	0.736815	3750	-0.072515	-8.846373
115	0.734735	3750	-0.070748	-8.917121
116	0.732659	3750	-0.071188	-8.988309
117	0.730586	3750	-0.071086	-9.059395
118	0.728517	3750	-0.069893	-9.129287
119	0.726452	3750	-0.070629	-9.199917
120	0.724390	3750	-0.070174	-9.270090
121	0.722331	3750	-0.071113	-9.341203
122	0.720276	3750	-0.071314	-9.412517
123	0.718225	3750	-0.069874	-9.482391
124	0.716177	3750	-0.069722	-9.552113
125	0.714132	3750	-0.070346	-9.622458
126	0.712091	3750	-0.069941	-9.692399
127	0.710054	3750	-0.070622	-9.763022
128	0.708020	3750	-0.070258	-9.833280
129	0.705989	3750	-0.069775	-9.903055
130	0.703962	3750	-0.069814	-9.972869
131	0.701939	3750	-0.068448	-10.041318
132	0.699919	3750	-0.069240	-10.110558
133	0.697902	3750	-0.068870	-10.179428
134	0.695889	3750	-0.068661	-10.248089
135	0.693880	3750	-0.069282	-10.317371
136	0.691874	3750	-0.068987	-10.386358
137	0.689871	3750	-0.070259	-10.456617
138	0.687872	3750	-0.069720	-10.526337
139	0.685877	3750	-0.067933	-10.594270
140	0.683885	3750	-0.067981	-10.662252
141	0.681896	3750	-0.068553	-10.730805
142	0.679911	3750	-0.066735	-10.797540
143	0.677929	3750	-0.066895	-10.864436
144	0.675951	3750	-0.068098	-10.932534
145	0.673976	3750	-0.068012	-11.000546
146	0.672005	3750	-0.066984	-11.067530
147	0.670037	3750	-0.067182	-11.134712
148	0.668073	3750	-0.068149	-11.202862
149	0.666112	3750	-0.068365	-11.271226
150	0.664155	3750	-0.066621	-11.337847
151	0.662201	3750	-0.067254	-11.405101
152	0.660250	3750	-0.066700	-11.471801
153	0.658303	3750	-0.067521	-11.539322
154	0.656359	3750	-0.066264	-11.605586
155	0.654419	3750	-0.067263	-11.672849
156	0.652483	3750	-0.066826	-11.739675
157	0.650549	3750	-0.068135	-11.807810
158	0.648619	3750	-0.067837	-11.875647
159	0.646693	3750	-0.066496	-11.942143
160	0.644770	3750	-0.068125	-12.010268
161	0.642851	3750	-0.066695	-12.076964
162	0.640934	3750	-0.066103	-12.143066
163	0.639022	3750	-0.066006	-12.209072
164	0.637113	3750	-0.066901	-12.275973
165	0.635207	3750	-0.066430	-12.342403
166	0.633304	3750	-0.066532	-12.408935
167	0.631405	3750	-0.065697	-12.474632
168	0.629510	3750	-0.064634	-12.539266
169	0.627618	3750	-0.064674	-12.603940
170	0.625729	3750	-0.065436	-12.669376
171	0.623844	3750	-0.065199	-12.734575
172	0.621962	3750	-0.064311	-12.798886
173	0.620083	3750	-0.064526	-12.863412
174	0.618208	3750	-0.064477	-12.927889
175	0.616337	3750	-0.063706	-12.991595
176	0.614468	3750	-0.064494	-13.056089
177	0.612604	3750	-0.064108	-13.120197
178	0.610742	3750	-0.064043	-13.184240
179	0.608884	3750	-0.063505	-13.247746
180	0.607029	3750	-0.063962	-13.311708
181	0.605178	3750	-0.064710	-13.376418
182	0.603330	3750	-0.062769	-13.439187
183	0.601486	3750	-0.063011	-13.502198
184	0.599645	3750	-0.063916	-13.566114
185	0.597807	3750	-0.063142	-13.629255
186	0.595973	3750	-0.063585	-13.692841
187	0.594142	3750	-0.062884	-13.755724
188	0.592314	3750	-0.063461	-13.819185
189	0.590490	3750	-0.063262	-13.882447
190	0.588669	3750	-0.063851	-13.946298
191	0.586852	3750	-0.063234	-14.009532
192	0.585038	3750	-0.062986	-14.072518
193	0.583227	3750	-0.064418	-14.136936
194	0.581420	3750	-0.063439	-14.200375
195	0.579616	3750	-0.062778	-14.263153
196	0.577815	3750	-0.063614	-14.326766
197	0.576018	3750	-0.064929	-14.391696
198	0.574224	3750	-0.061019	-14.452715
199	0.572433	3750	-0.062431	-14.515146
200	0.570646	3750	-0.062404	-14.577550
201	0.568862	3750	-0.061360	-14.638910
202	0.567082	3750	-0.061170	-14.700080
203	0.565305	3750	-0.063222	-14.763302
204	0.563531	3750	-0.061467	-14.824770
205	0.561761	3750	-0.063256	-14.888025
206	0.559993	3750	-0.063525	-14.951550
207	0.558230	3750	-0.061225	-15.012775
208	0.556469	3750	-0.061218	-15.073993
209	0.554712	3750	-0.062775	-15.136768
210	0.552958	3750	-0.061574	-15.198342
211	0.551208	3750	-0.062189	-15.260530
212	0.549461	3750	-0.059972	-15.320502
213	0.547717	3750	-0.059925	-15.380427
214	0.545977	3750	-0.061318	-15.441745
215	0.544240	3750	-0.059842	-15.501588
216	0.542506	3750	-0.060958	-15.562545
217	0.540775	3750	-0.060592	-15.623137
218	0.539048	3750	-0.061796	-15.684933
219	0.537324	3750	-0.059210	-15.744143
220	0.535604	3750	-0.060492	-15.804636
221	0.533887	3750	-0.060775	-15.865410
222	0.532173	3750	-0.061970	-15.927380
223	0.530462	3750	-0.061594	-15.988974
224	0.528755	3750	-0.059065	-16.048039
225	0.527051	3750	-0.061202	-16.109241
226	0.525350	3750	-0.059965	-16.169206
227	0.523653	3750	-0.060146	-16.229352
228	0.521958	3750	-0.059414	-16.288766
229	0.520268	3750	-0.059743	-16.348509
230	0.518580	3750	-0.059197	-16.407706
231	0.516896	3750	-0.059620	-16.467326
232	0.515215	3750	-0.059867	-16.527193
233	0.513537	3750	-0.058576	-16.585769
234	0.511863	3750	-0.058141	-16.643909
235	0.510192	3750	-0.059434	-16.703343
236	0.508524	3750	-0.058683	-16.762026
237	0.506859	3750	-0.058498	-16.820525
238	0.505198	3750	-0.058406	-16.878931
239	0.503540	3750	-0.057807	-16.936738
240	0.501885	3750	-0.058652	-16.995390
241	0.500234	3750	-0.057021	-17.052411
242	0.498586	3750	-0.059926	-17.112337
243	0.496941	3750	-0.059035	-17.171372
244	0.495299	3750	-0.057241	-17.228613
245	0.493660	3750	-0.057987	-17.286600
246	0.492025	3750	-0.058884	-17.345484
247	0.490393	3750	-0.058678	-17.404162
248	0.488765	3750	-0.056720	-17.460883
249	0.487139	3750	-0.058092	-17.518974
250	0.485517	3750	-0.056515	-17.575489
251	0.483898	3750	-0.057409	-17.632898
252	0.482283	3750	-0.055556	-17.688454
253	0.480670	3750	-0.056057	-17.744511
254	0.479061	3750	-0.055476	-17.799986
255	0.477455	3750	-0.057023	-17.857009
256	0.475852	3750	-0.056743	-17.913752
257	0.474253	3750	-0.056475	-17.970228
258	0.472656	3750	-0.056870	-18.027098
259	0.471063	3750	-0.055949	-18.083047
260	0.469474	3750	-0.056535	-18.139582
261	0.467887	3750	-0.054827	-18.194408
262	0.466304	3750	-0.055427	-18.249836
263	0.464723	3750	-0.055415	-18.305251
264	0.463146	3750	-0.056163	-18.361414
265	0.461573	3750	-0.055237	-18.416652
266	0.460002	3750	-0.055536	-18.472188
267	0.458435	3750	-0.054678	-18.526866
268	0.456871	3750	-0.054794	-18.581660
269	0.455310	3750	-0.055947	-18.637607
270	0.453752	3750	-0.054837	-18.692445
271	0.452198	3750	-0.054889	-18.747333
272	0.450647	3750	-0.053966	-18.801300
273	0.449098	3750	-0.054834	-18.856134
274	0.447554	3750	-0.054000	-18.910134
275	0.446012	3750	-0.054062	-18.964196
276	0.444473	3750	-0.054487	-19.018683
277	0.442938	3750	-0.057367	-19.076050
278	0.441406	3750	-0.054032	-19.130082
279	0.439877	3750	-0.055618	-19.185699
280	0.438351	3750	-0.053783	-19.239482
281	0.436829	3750	-0.055869	-19.295352
282	0.435309	3750	-0.054530	-19.349881
283	0.433793	3750	-0.053262	-19.403143
284	0.432280	3750	-0.054694	-19.457837
285	0.430770	3750	-0.054064	-19.511901
286	0.429263	3750	-0.052738	-19.564639
287	0.427760	3750	-0.052108	-19.616747
288	0.426259	3750	-0.053130	-19.669877
289	0.424762	3750	-0.053754	-19.723632
290	0.423268	3750	-0.053836	-19.777468
291	0.421777	3750	-0.053429	-19.830896
292	0.420289	3750	-0.053781	-19.884677
293	0.418805	3750	-0.053477	-19.938154
294	0.417323	3750	-0.052333	-19.990487
295	0.415845	3750	-0.052411	-20.042898
296	0.414370	3750	-0.051541	-20.094438
297	0.412898	3750	-0.051826	-20.146264
298	0.411429	3750	-0.051998	-20.198262
299	0.409963	3750	-0.052687	-20.250949
300	0.408501	3750	-0.051414	-20.302363
301	0.407041	3750	-0.053064	-20.355427
302	0.405585	3750	-0.052376	-20.407804
303	0.404132	3750	-0.052420	-20.460223
304	0.402682	3750	-0.051816	-20.512040
305	0.401235	3750	-0.051859	-20.563899
306	0.399791	3750	-0.051393	-20.615292
307	0.398350	3750	-0.050871	-20.666163
308	0.396913	3750	-0.052292	-20.718456
309	0.395478	3750	-0.050219	-20.768675
310	0.394047	3750	-0.051292	-20.819967
311	0.392619	3750	-0.050738	-20.870704
312	0.391194	3750	-0.052275	-20.922980
313	0.389772	3750	-0.050660	-20.973640
314	0.388353	3750	-0.049514	-21.023154
315	0.386937	3750	-0.049181	-21.072335
316	0.385524	3750	-0.050849	-21.123184
317	0.384115	3750	-0.050495	-21.173679
318	0.382708	3750	-0.049350	-21.223028
319	0.381305	3750	-0.051268	-21.274296
320	0.379904	3750	-0.050061	-21.324357
321	0.378507	3750	-0.052277	-21.376634
322	0.377113	3750	-0.049828	-21.426462
323	0.375722	3750	-0.049685	-21.476147
324	0.374334	3750	-0.051435	-21.527581
325	0.372949	3750	-0.050792	-21.578373
326	0.371567	3750	-0.050811	-21.629184
327	0.370189	3750	-0.049507	-21.678691
328	0.368813	3750	-0.049347	-21.728039
329	0.367440	3750	-0.048747	-21.776785
330	0.366071	3750	-0.050103	-21.826888
331	0.364705	3750	-0.051280	-21.878168
332	0.363341	3750	-0.050462	-21.928630
333	0.361981	3750	-0.050192	-21.978822
334	0.360624	3750	-0.049781	-22.028603
335	0.359269	3750	-0.048739	-22.077341
336	0.357918	3750	-0.048167	-22.125509
337	0.356570	3750	-0.049124	-22.174633
338	0.355225	3750	-0.047583	-22.222216
339	0.353883	3750	-0.047777	-22.269993
340	0.352544	3750	-0.047820	-22.317813
341	0.351208	3750	-0.049013	-22.366826
342	0.349875	3750	-0.048006	-22.414832
343	0.348546	3750	-0.049404	-22.464236
344	0.347219	3750	-0.049184	-22.513420
345	0.345895	3750	-0.049206	-22.562626
346	0.344574	3750	-0.047920	-22.610546
347	0.343257	3750	-0.048091	-22.658637
348	0.341942	3750	-0.047311	-22.705949
349	0.340630	3750	-0.046785	-22.752734
350	0.339322	3750	-0.047409	-22.800143
351	0.338016	3750	-0.047831	-22.847974
352	0.336714	3750	-0.048277	-22.896252
353	0.335414	3750	-0.047238	-22.943490
354	0.334118	3750	-0.046415	-22.989905
355	0.332824	3750	-0.045004	-23.034909
356	0.331534	3750	-0.045273	-23.080182
357	0.330246	3750	-0.046619	-23.126800
358	0.328962	3750	-0.045552	-23.172353
359	0.327680	3750	-0.047532	-23.219885
360	0.326401	3750	-0.046110	-23.265994
361	0.325126	3750	-0.045945	-23.311940
362	0.323853	3750	-0.046526	-23.358466
363	0.322584	3750	-0.047766	-23.406232
364	0.321317	3750	-0.046875	-23.453107
365	0.320054	3750	-0.046098	-23.499205
366	0.318793	3750	-0.047332	-23.546537
367	0.317536	3750	-0.046416	-23.592953
368	0.316281	3750	-0.046088	-23.639041
369	0.315030	3750	-0.045734	-23.684775
370	0.313781	3750	-0.046677	-23.731451
371	0.312535	3750	-0.044851	-23.776302
372	0.311293	3750	-0.044296	-23.820598
373	0.310053	3750	-0.045438	-23.866036
374	0.308816	3750	-0.045817	-23.911853
375	0.307582	3750	-0.043932	-23.955785
376	0.306352	3750	-0.044174	-23.999959
377	0.305124	3750	-0.044781	-24.044740
378	0.303899	3750	-0.044528	-24.089268
379	0.302677	3750	-0.044895	-24.134163
380	0.301458	3750	-0.044365	-24.178528
381	0.300242	3750	-0.044805	-24.223333
382	0.299029	3750	-0.045688	-24.269022
383	0.297819	3750	-0.044279	-24.313301
384	0.296611	3750	-0.044177	-24.357478
385	0.295407	3750	-0.045146	-24.402624
386	0.294206	3750	-0.043785	-24.446408
387	0.293007	3750	-0.043122	-24.489530
388	0.291812	3750	-0.044380	-24.533910
389	0.290619	3750	-0.043025	-24.576935
390	0.289430	3750	-0.043503	-24.620438
391	0.288243	3750	-0.043145	-24.663583
392	0.287059	3750	-0.043029	-24.706612
393	0.285879	3750	-0.042870	-24.749482
394	0.284701	3750	-0.043779	-24.793261
395	0.283526	3750	-0.043367	-24.836628
396	0.282354	3750	-0.042562	-24.879190
397	0.281184	3750	-0.042152	-24.921343
398	0.280018	3750	-0.043054	-24.964396
399	0.278855	3750	-0.042170	-25.006567
400	0.277694	3750	-0.042142	-25.048709
401	0.276537	3750	-0.043569	-25.092277
402	0.275382	3750	-0.043624	-25.135901
403	0.274230	3750	-0.043103	-25.179004
404	0.273082	3750	-0.042811	-25.221815
405	0.271936	3750	-0.042010	-25.263825
406	0.270793	3750	-0.044015	-25.307840
407	0.269652	3750	-0.042345	-25.350185
408	0.268515	3750	-0.042953	-25.393138
409	0.267381	3750	-0.042821	-25.435959
410	0.266249	3750	-0.042187	-25.478145
411	0.265121	3750	-0.041414	-25.519559
412	0.263995	3750	-0.041033	-25.560592
413	0.262872	3750	-0.041391	-25.601983
414	0.261752	3750	-0.041138	-25.643121
415	0.260635	3750	-0.040910	-25.684032
416	0.259520	3750	-0.040663	-25.724695
417	0.258409	3750	-0.042023	-25.766718
418	0.257300	3750	-0.042321	-25.809039
419	0.256195	3750	-0.040623	-25.849662
420	0.255092	3750	-0.040605	-25.890267
421	0.253992	3750	-0.041593	-25.931859
422	0.252895	3750	-0.041522	-25.973381
423	0.251800	3750	-0.041615	-26.014995
424	0.250709	3750	-0.042327	-26.057322
425	0.249620	3750	-0.040715	-26.098037
426	0.248534	3750	-0.041697	-26.139734
427	0.247451	3750	-0.041870	-26.181604
428	0.246371	3750	-0.040663	-26.222267
429	0.245294	3750	-0.040775	-26.263042
430	0.244220	3750	-0.039712	-26.302754
431	0.243148	3750	-0.041397	-26.344151
432	0.242079	3750	-0.040782	-26.384933
433	0.241013	3750	-0.040361	-26.425294
434	0.239950	3750	-0.040856	-26.466151
435	0.238890	3750	-0.040104	-26.506254
436	0.237832	3750	-0.039487	-26.545741
437	0.236778	3750	-0.039533	-26.585275
438	0.235726	3750	-0.038930	-26.624204
439	0.234677	3750	-0.039856	-26.664060
440	0.233630	3750	-0.039691	-26.703751
441	0.232587	3750	-0.039255	-26.743007
442	0.231546	3750	-0.038721	-26.781727
443	0.230509	3750	-0.038357	-26.820084
444	0.229473	3750	-0.038752	-26.858836
445	0.228441	3750	-0.038871	-26.897707
446	0.227412	3750	-0.038179	-26.935886
447	0.226385	3750	-0.038075	-26.973961
448	0.225361	3750	-0.039087	-27.013048
449	0.224340	3750	-0.039259	-27.052307
450	0.223322	3750	-0.039066	-27.091373
451	0.222306	3750	-0.038857	-27.130230
452	0.221293	3750	-0.039558	-27.169788
453	0.220283	3750	-0.037983	-27.207772
454	0.219276	3750	-0.038725	-27.246497
455	0.218272	3750	-0.037431	-27.283928
456	0.217270	3750	-0.037842	-27.321770
457	0.216271	3750	-0.037726	-27.359496
458	0.215275	3750	-0.037214	-27.396710
459	0.214281	3750	-0.036987	-27.433697
460	0.213291	3750	-0.037104	-27.470801
461	0.212303	3750	-0.036513	-27.507314
462	0.211318	3750	-0.037056	-27.544370
463	0.210335	3750	-0.036574	-27.580943
464	0.209356	3750	-0.036107	-27.617051
465	0.208379	3750	-0.037006	-27.654057
466	0.207404	3750	-0.037172	-27.691228
467	0.206433	3750	-0.037687	-27.728915
468	0.205464	3750	-0.036024	-27.764939
469	0.204498	3750	-0.037730	-27.802670
470	0.203535	3750	-0.038487	-27.841157
471	0.202575	3750	-0.036776	-27.877933
472	0.201617	3750	-0.035146	-27.913079
473	0.200662	3750	-0.035660	-27.948739
474	0.199709	3750	-0.035355	-27.984094
475	0.198760	3750	-0.035210	-28.019303
476	0.197813	3750	-0.036681	-28.055985
477	0.196869	3750	-0.036552	-28.092537
478	0.195927	3750	-0.035959	-28.128496
479	0.194988	3750	-0.036224	-28.164720
480	0.194052	3750	-0.035610	-28.200330
481	0.193119	3750	-0.036331	-28.236661
482	0.192188	3750	-0.036356	-28.273018
483	0.191260	3750	-0.034982	-28.307999
484	0.190335	3750	-0.036714	-28.344713
485	0.189412	3750	-0.035870	-28.380584
486	0.188492	3750	-0.035143	-28.415726
487	0.187575	3750	-0.034928	-28.450655
488	0.186660	3750	-0.034428	-28.485083
489	0.185749	3750	-0.034328	-28.519411
490	0.184839	3750	-0.034067	-28.553477
491	0.183933	3750	-0.033008	-28.586486
492	0.183029	3750	-0.034461	-28.620946
493	0.182128	3750	-0.034166	-28.655112
494	0.181229	3750	-0.035054	-28.690166
495	0.180333	3750	-0.035348	-28.725514
496	0.179440	3750	-0.034079	-28.759593
497	0.178550	3750	-0.034236	-28.793829
498	0.177662	3750	-0.035361	-28.829190
499	0.176777	3750	-0.033933	-28.863124
500	0.175894	3750	-0.034815	-28.897938
501	0.175014	3750	-0.034298	-28.932237
502	0.174137	3750	-0.034924	-28.967160
503	0.173262	3750	-0.034323	-29.001484
504	0.172390	3750	-0.035176	-29.036660
505	0.171521	3750	-0.034383	-29.071043
506	0.170654	3750	-0.034041	-29.105084
507	0.169790	3750	-0.033584	-29.138668
508	0.168929	3750	-0.033766	-29.172435
509	0.168070	3750	-0.033839	-29.206273
510	0.167214	3750	-0.032856	-29.239129
511	0.166360	3750	-0.033341	-29.272470
512	0.165509	3750	-0.033626	-29.306097
513	0.164661	3750	-0.033806	-29.339903
514	0.163815	3750	-0.033584	-29.373487
515	0.162972	3750	-0.032952	-29.406438
516	0.162132	3750	-0.032500	-29.438939
517	0.161294	3750	-0.031409	-29.470347
518	0.160458	3750	-0.031202	-29.501549
519	0.159626	3750	-0.031098	-29.532647
520	0.158796	3750	-0.031914	-29.564560
521	0.157968	3750	-0.032608	-29.597169
522	0.157143	3750	-0.032022	-29.629191
523	0.156321	3750	-0.031370	-29.660561
524	0.155501	3750	-0.030676	-29.691237
525	0.154684	3750	-0.031014	-29.722251
526	0.153870	3750	-0.031894	-29.754144
527	0.153058	3750	-0.032157	-29.786301
528	0.152248	3750	-0.030028	-29.816329
529	0.151441	3750	-0.030600	-29.846929
530	0.150637	3750	-0.031175	-29.878104
531	0.149835	3750	-0.031902	-29.910006
532	0.149036	3750	-0.031378	-29.941384
533	0.148240	3750	-0.031647	-29.973030
534	0.147446	3750	-0.031513	-30.004543
535	0.146654	3750	-0.031443	-30.035986
536	0.145865	3750	-0.031105	-30.067091
537	0.145079	3750	-0.031287	-30.098378
538	0.144295	3750	-0.030275	-30.128653
539	0.143514	3750	-0.029799	-30.158453
540	0.142735	3750	-0.030560	-30.189012
541	0.141959	3750	-0.030884	-30.219896
542	0.141186	3750	-0.030075	-30.249971
543	0.140415	3750	-0.029803	-30.279775
544	0.139646	3750	-0.029378	-30.309153
545	0.138880	3750	-0.028977	-30.338130
546	0.138116	3750	-0.030143	-30.368273
547	0.137356	3750	-0.029451	-30.397724
548	0.136597	3750	-0.029612	-30.427336
549	0.135841	3750	-0.030373	-30.457709
550	0.135088	3750	-0.029508	-30.487218
551	0.134337	3750	-0.029095	-30.516313
552	0.133588	3750	-0.029390	-30.545702
553	0.132843	3750	-0.028625	-30.574327
554	0.132099	3750	-0.029113	-30.603440
555	0.131358	3750	-0.028905	-30.632345
556	0.130620	3750	-0.029630	-30.661975
557	0.129884	3750	-0.027865	-30.689840
558	0.129151	3750	-0.028341	-30.718181
559	0.128420	3750	-0.029190	-30.747372
560	0.127691	3750	-0.028191	-30.775562
561	0.126965	3750	-0.028647	-30.804210
562	0.126242	3750	-0.028645	-30.832855
563	0.125521	3750	-0.029316	-30.862171
564	0.124802	3750	-0.027531	-30.889702
565	0.124086	3750	-0.027570	-30.917272
566	0.123373	3750	-0.027432	-30.944704
567	0.122662	3750	-0.028479	-30.973183
568	0.121953	3750	-0.028381	-31.001564
569	0.121247	3750	-0.028519	-31.030083
570	0.120543	3750	-0.028519	-31.058601
571	0.119842	3750	-0.028564	-31.087165
572	0.119143	3750	-0.027882	-31.115047
573	0.118447	3750	-0.028430	-31.143477
574	0.117753	3750	-0.028839	-31.172315
575	0.117062	3750	-0.028133	-31.200449
576	0.116373	3750	-0.028699	-31.229148
577	0.115686	3750	-0.028444	-31.257593
578	0.115002	3750	-0.028340	-31.285933
579	0.114320	3750	-0.027756	-31.313689
580	0.113641	3750	-0.026854	-31.340543
581	0.112964	3750	-0.025935	-31.366478
582	0.112290	3750	-0.026420	-31.392897
583	0.111618	3750	-0.026349	-31.419246
584	0.110948	3750	-0.025690	-31.444935
585	0.110281	3750	-0.026153	-31.471089
586	0.109616	3750	-0.025688	-31.496777
587	0.108954	3750	-0.025230	-31.522006
588	0.108294	3750	-0.025966	-31.547973
589	0.107637	3750	-0.025262	-31.573235
590	0.106981	3750	-0.025410	-31.598645
591	0.106329	3750	-0.025774	-31.624420
592	0.105678	3750	-0.025826	-31.650246
593	0.105030	3750	-0.025213	-31.675459
594	0.104385	3750	-0.024955	-31.700414
595	0.103742	3750	-0.025436	-31.725850
596	0.103101	3750	-0.024868	-31.750718
597	0.102463	3750	-0.025754	-31.776471
598	0.101827	3750	-0.025479	-31.801950
599	0.101193	3750	-0.024883	-31.826833
600	0.100562	3750	-0.025209	-31.852042
601	0.099933	3750	-0.024582	-31.876624
602	0.099306	3750	-0.025296	-31.901921
603	0.098682	3750	-0.024893	-31.926814
604	0.098060	3750	-0.023719	-31.950532
605	0.097441	3750	-0.024982	-31.975514
606	0.096824	3750	-0.024857	-32.000372
607	0.096209	3750	-0.024462	-32.024834
608	0.095596	3750	-0.023861	-32.048695
609	0.094986	3750	-0.024700	-32.073395
610	0.094379	3750	-0.024855	-32.098250
611	0.093773	3750	-0.024310	-32.122560
612	0.093170	3750	-0.024439	-32.146999
613	0.092570	3750	-0.024529	-32.171528
614	0.091971	3750	-0.024507	-32.196035
615	0.091375	3750	-0.023372	-32.219407
616	0.090781	3750	-0.023424	-32.242831
617	0.090190	3750	-0.023270	-32.266101
618	0.089601	3750	-0.023912	-32.290013
619	0.089014	3750	-0.024280	-32.314292
620	0.088430	3750	-0.024930	-32.339222
621	0.087848	3750	-0.024179	-32.363401
622	0.087268	3750	-0.022621	-32.386022
623	0.086690	3750	-0.022735	-32.408757
624	0.086115	3750	-0.022899	-32.431656
625	0.085542	3750	-0.023313	-32.454969
626	0.084971	3750	-0.023075	-32.478045
627	0.084403	3750	-0.022269	-32.500313
628	0.083837	3750	-0.022233	-32.522546
629	0.083273	3750	-0.022208	-32.544754
630	0.082712	3750	-0.022437	-32.567191
631	0.082152	3750	-0.021729	-32.588920
632	0.081595	3750	-0.024017	-32.612937
633	0.081041	3750	-0.022357	-32.635294
634	0.080488	3750	-0.023194	-32.658488
635	0.079938	3750	-0.022873	-32.681360
636	0.079390	3750	-0.023014	-32.704375
637	0.078845	3750	-0.021862	-32.726237
638	0.078301	3750	-0.021738	-32.747974
639	0.077760	3750	-0.021369	-32.769344
640	0.077221	3750	-0.021941	-32.791284
641	0.076684	3750	-0.022277	-32.813561
642	0.076150	3750	-0.022380	-32.835941
643	0.075618	3750	-0.020650	-32.856591
644	0.075088	3750	-0.021538	-32.878129
645	0.074560	3750	-0.021230	-32.899359
646	0.074035	3750	-0.020446	-32.919805
647	0.073512	3750	-0.021171	-32.940976
648	0.072991	3750	-0.021956	-32.962932
649	0.072472	3750	-0.021172	-32.984104
650	0.071955	3750	-0.020814	-33.004918
651	0.071441	3750	-0.020558	-33.025475
652	0.070929	3750	-0.020716	-33.046191
653	0.070419	3750	-0.021828	-33.068020
654	0.069911	3750	-0.021231	-33.089251
655	0.069406	3750	-0.021825	-33.111076
656	0.068903	3750	-0.021533	-33.132609
657	0.068401	3750	-0.021127	-33.153737
658	0.067903	3750	-0.021795	-33.175532
659	0.067406	3750	-0.021448	-33.196979
660	0.066911	3750	-0.020743	-33.217722
661	0.066419	3750	-0.020128	-33.237850
662	0.065929	3750	-0.019681	-33.257531
663	0.065441	3750	-0.019590	-33.277121
664	0.064955	3750	-0.020568	-33.297689
665	0.064471	3750	-0.019772	-33.317461
666	0.063990	3750	-0.022778	-33.340239
667	0.063510	3750	-0.019819	-33.360058
668	0.063033	3750	-0.019674	-33.379732
669	0.062558	3750	-0.019054	-33.398786
670	0.062085	3750	-0.019633	-33.418420
671	0.061615	3750	-0.019404	-33.437824
672	0.061146	3750	-0.019472	-33.457296
673	0.060680	3750	-0.018892	-33.476188
674	0.060216	3750	-0.018827	-33.495015
675	0.059753	3750	-0.020276	-33.515291
676	0.059293	3750	-0.021027	-33.536318
677	0.058836	3750	-0.019824	-33.556142
678	0.058380	3750	-0.018709	-33.574851
679	0.057926	3750	-0.018603	-33.593454
680	0.057475	3750	-0.018623	-33.612078
681	0.057025	3750	-0.018756	-33.630833
682	0.056578	3750	-0.019415	-33.650248
683	0.056133	3750	-0.018972	-33.669220
684	0.055690	3750	-0.018021	-33.687241
685	0.055249	3750	-0.018192	-33.705434
686	0.054810	3750	-0.018709	-33.724143
687	0.054373	3750	-0.018388	-33.742531
688	0.053939	3750	-0.019524	-33.762055
689	0.053506	3750	-0.019647	-33.781702
690	0.053076	3750	-0.019465	-33.801167
691	0.052647	3750	-0.019890	-33.821057
692	0.052221	3750	-0.018941	-33.839999
693	0.051797	3750	-0.018881	-33.858880
694	0.051375	3750	-0.018482	-33.877361
695	0.050955	3750	-0.018562	-33.895924
696	0.050537	3750	-0.017601	-33.913525
697	0.050121	3750	-0.018072	-33.931596
698	0.049707	3750	-0.018346	-33.949942
699	0.049295	3750	-0.018436	-33.968378
700	0.048885	3750	-0.018068	-33.986446
701	0.048478	3750	-0.018220	-34.004666
702	0.048072	3750	-0.019225	-34.023892
703	0.047668	3750	-0.017954	-34.041846
704	0.047267	3750	-0.018596	-34.060442
705	0.046867	3750	-0.018321	-34.078763
706	0.046470	3750	-0.018040	-34.096802
707	0.046074	3750	-0.017598	-34.114401
708	0.045681	3750	-0.017315	-34.131716
709	0.045289	3750	-0.017025	-34.148741
710	0.044900	3750	-0.017502	-34.166243
711	0.044512	3750	-0.016569	-34.182812
712	0.044127	3750	-0.016485	-34.199297
713	0.043744	3750	-0.016977	-34.216274
714	0.043362	3750	-0.017357	-34.233631
715	0.042983	3750	-0.016598	-34.250229
716	0.042606	3750	-0.015989	-34.266218
717	0.042230	3750	-0.015734	-34.281952
718	0.041857	3750	-0.016475	-34.298427
719	0.041485	3750	-0.015850	-34.314277
720	0.041116	3750	-0.015638	-34.329915
721	0.040749	3750	-0.015766	-34.345681
722	0.040383	3750	-0.015634	-34.361315
723	0.040020	3750	-0.017090	-34.378405
724	0.039658	3750	-0.015109	-34.393514
725	0.039299	3750	-0.016209	-34.409723
726	0.038941	3750	-0.015351	-34.425074
727	0.038585	3750	-0.014281	-34.439355
728	0.038232	3750	-0.015538	-34.454893
729	0.037880	3750	-0.015059	-34.469952
730	0.037530	3750	-0.015210	-34.485162
731	0.037182	3750	-0.014267	-34.499429
732	0.036836	3750	-0.014484	-34.513913
733	0.036493	3750	-0.014227	-34.528140
734	0.036151	3750	-0.015726	-34.543865
735	0.035810	3750	-0.015271	-34.559136
736	0.035472	3750	-0.016100	-34.575236
737	0.035136	3750	-0.015641	-34.590877
738	0.034802	3750	-0.016408	-34.607285
739	0.034469	3750	-0.015160	-34.622445
740	0.034139	3750	-0.015628	-34.638073
741	0.033810	3750	-0.016136	-34.654209
742	0.033484	3750	-0.015512	-34.669721
743	0.033159	3750	-0.014909	-34.684630
744	0.032836	3750	-0.014755	-34.699385
745	0.032515	3750	-0.015306	-34.714691
746	0.032196	3750	-0.015398	-34.730089
747	0.031879	3750	-0.014977	-34.745067
748	0.031563	3750	-0.014923	-34.759989
749	0.031250	3750	-0.014204	-34.774193
750	0.030938	3750	-0.014681	-34.788875
751	0.030629	3750	-0.015481	-34.804356
752	0.030321	3750	-0.015158	-34.819514
753	0.030015	3750	-0.014742	-34.834256
754	0.029711	3750	-0.014076	-34.848332
755	0.029409	3750	-0.014642	-34.862973
756	0.029108	3750	-0.014590	-34.877563
757	0.028810	3750	-0.014030	-34.891593
758	0.028513	3750	-0.014120	-34.905713
759	0.028218	3750	-0.013642	-34.919355
760	0.027925	3750	-0.013850	-34.933205
761	0.027634	3750	-0.013457	-34.946662
762	0.027345	3750	-0.013165	-34.959826
763	0.027057	3750	-0.013261	-34.973087
764	0.026771	3750	-0.014046	-34.987134
765	0.026487	3750	-0.014001	-35.001135
766	0.026205	3750	-0.013944	-35.015078
767	0.025925	3750	-0.013850	-35.028929
768	0.025647	3750	-0.013690	-35.042618
769	0.025370	3750	-0.013135	-35.055754
770	0.025095	3750	-0.012935	-35.068689
771	0.024822	3750	-0.014142	-35.082831
772	0.024551	3750	-0.013310	-35.096141
773	0.024281	3750	-0.012989	-35.109130
774	0.024014	3750	-0.013004	-35.122134
775	0.023748	3750	-0.011336	-35.133470
776	0.023483	3750	-0.011955	-35.145425
777	0.023221	3750	-0.012284	-35.157709
778	0.022960	3750	-0.011867	-35.169576
779	0.022702	3750	-0.011919	-35.181495
780	0.022445	3750	-0.011686	-35.193182
781	0.022189	3750	-0.012034	-35.205216
782	0.021936	3750	-0.012534	-35.217750
783	0.021684	3750	-0.011469	-35.229219
784	0.021434	3750	-0.011607	-35.240826
785	0.021185	3750	-0.011929	-35.252755
786	0.020939	3750	-0.010600	-35.263355
787	0.020694	3750	-0.010776	-35.274131
788	0.020451	3750	-0.011710	-35.285841
789	0.020209	3750	-0.011157	-35.296998
790	0.019969	3750	-0.010392	-35.307390
791	0.019731	3750	-0.010917	-35.318307
792	0.019495	3750	-0.011112	-35.329419
793	0.019261	3750	-0.011101	-35.340520
794	0.019028	3750	-0.010774	-35.351294
795	0.018796	3750	-0.010857	-35.362150
796	0.018567	3750	-0.011182	-35.373333
797	0.018339	3750	-0.010903	-35.384235
798	0.018113	3750	-0.010115	-35.394350
799	0.017889	3750	-0.010983	-35.405333
800	0.017666	3750	-0.009696	-35.415029
801	0.017445	3750	-0.009820	-35.424849
802	0.017225	3750	-0.010724	-35.435573
803	0.017007	3750	-0.009187	-35.444760
804	0.016791	3750	-0.010183	-35.454944
805	0.016577	3750	-0.009931	-35.464874
806	0.016364	3750	-0.010195	-35.475069
807	0.016153	3750	-0.011182	-35.486251
808	0.015943	3750	-0.010262	-35.496513
809	0.015736	3750	-0.010003	-35.506516
810	0.015529	3750	-0.010188	-35.516704
811	0.015325	3750	-0.009880	-35.526584
812	0.015122	3750	-0.008933	-35.535517
813	0.014920	3750	-0.009429	-35.544946
814	0.014721	3750	-0.009647	-35.554593
815	0.014523	3750	-0.009345	-35.563938
816	0.014326	3750	-0.009755	-35.573693
817	0.014131	3750	-0.009793	-35.583486
818	0.013938	3750	-0.009824	-35.593311
819	0.013746	3750	-0.009661	-35.602971
820	0.013556	3750	-0.009175	-35.612147
821	0.013367	3750	-0.009393	-35.621540
822	0.013181	3750	-0.010411	-35.631951
823	0.012995	3750	-0.010402	-35.642352
824	0.012811	3750	-0.009791	-35.652144
825	0.012629	3750	-0.009949	-35.662093
826	0.012448	3750	-0.009861	-35.671954
827	0.012269	3750	-0.009141	-35.681095
828	0.012092	3750	-0.009820	-35.690915
829	0.011916	3750	-0.008628	-35.699543
830	0.011741	3750	-0.008370	-35.707913
831	0.011568	3750	-0.009227	-35.717140
832	0.011397	3750	-0.007909	-35.725048
833	0.011227	3750	-0.008105	-35.733153
834	0.011059	3750	-0.007489	-35.740642
835	0.010892	3750	-0.008194	-35.748836
836	0.010727	3750	-0.008963	-35.757799
837	0.010563	3750	-0.007981	-35.765780
838	0.010401	3750	-0.008708	-35.774488
839	0.010240	3750	-0.007571	-35.782058
840	0.010081	3750	-0.008083	-35.790141
841	0.009923	3750	-0.007426	-35.797567
842	0.009767	3750	-0.008429	-35.805995
843	0.009612	3750	-0.008045	-35.814041
844	0.009459	3750	-0.007514	-35.821555
845	0.009307	3750	-0.008202	-35.829757
846	0.009156	3750	-0.007579	-35.837335
847	0.009008	3750	-0.007433	-35.844769
848	0.008860	3750	-0.007930	-35.852699
849	0.008714	3750	-0.006860	-35.859559
850	0.008570	3750	-0.007386	-35.866946
851	0.008427	3750	-0.006472	-35.873418
852	0.008285	3750	-0.006644	-35.880062
853	0.008145	3750	-0.007171	-35.887233
854	0.008006	3750	-0.006695	-35.893928
855	0.007869	3750	-0.007051	-35.900980
856	0.007733	3750	-0.006644	-35.907623
857	0.007598	3750	-0.006335	-35.913958
858	0.007465	3750	-0.006207	-35.920165
859	0.007334	3750	-0.006371	-35.926536
860	0.007203	3750	-0.006567	-35.933102
861	0.007075	3750	-0.006816	-35.939918
862	0.006947	3750	-0.006593	-35.946511
863	0.006821	3750	-0.006305	-35.952816
864	0.006696	3750	-0.006015	-35.958831
865	0.006573	3750	-0.005651	-35.964482
866	0.006451	3750	-0.005933	-35.970415
867	0.006330	3750	-0.006249	-35.976664
868	0.006211	3750	-0.005477	-35.982141
869	0.006093	3750	-0.005836	-35.987977
870	0.005977	3750	-0.005120	-35.993097
871	0.005862	3750	-0.005241	-35.998339
872	0.005748	3750	-0.005542	-36.003880
873	0.005635	3750	-0.006588	-36.010469
874	0.005524	3750	-0.005963	-36.016431
875	0.005414	3750	-0.005785	-36.022217
876	0.005306	3750	-0.005331	-36.027548
877	0.005199	3750	-0.005150	-36.032697
878	0.005093	3750	-0.005081	-36.037778
879	0.004988	3750	-0.005757	-36.043535
880	0.004885	3750	-0.005603	-36.049138
881	0.004783	3750	-0.004932	-36.054070
882	0.004682	3750	-0.004682	-36.058752
883	0.004583	3750	-0.005291	-36.064043
884	0.004485	3750	-0.004994	-36.069037
885	0.004388	3750	-0.005436	-36.074473
886	0.004292	3750	-0.004587	-36.079061
887	0.004198	3750	-0.004930	-36.083991
888	0.004105	3750	-0.004787	-36.088778
889	0.004013	3750	-0.005836	-36.094614
890	0.003923	3750	-0.004676	-36.099290
891	0.003833	3750	-0.004593	-36.103883
892	0.003745	3750	-0.004816	-36.108699
893	0.003658	3750	-0.005102	-36.113801
894	0.003573	3750	-0.005379	-36.119180
895	0.003488	3750	-0.005366	-36.124546
896	0.003405	3750	-0.005003	-36.129549
897	0.003323	3750	-0.004866	-36.134416
898	0.003242	3750	-0.004711	-36.139127
899	0.003162	3750	-0.004260	-36.143387
900	0.003084	3750	-0.004088	-36.147475
901	0.003007	3750	-0.004020	-36.151495
902	0.002930	3750	-0.004300	-36.155795
903	0.002855	3750	-0.003998	-36.159793
904	0.002782	3750	-0.003632	-36.163426
905	0.002709	3750	-0.003689	-36.167115
906	0.002638	3750	-0.003686	-36.170801
907	0.002567	3750	-0.003717	-36.174518
908	0.002498	3750	-0.003618	-36.178136
909	0.002430	3750	-0.003683	-36.181819
910	0.002363	3750	-0.003463	-36.185281
911	0.002297	3750	-0.003279	-36.188561
912	0.002233	3750	-0.003657	-36.192218
913	0.002169	3750	-0.003484	-36.195702
914	0.002106	3750	-0.003634	-36.199336
915	0.002045	3750	-0.003314	-36.202651
916	0.001985	3750	-0.003439	-36.206089
917	0.001925	3750	-0.003281	-36.209370
918	0.001867	3750	-0.003271	-36.212641
919	0.001810	3750	-0.003222	-36.215863
920	0.001754	3750	-0.003091	-36.218954
921	0.001699	3750	-0.003361	-36.222315
922	0.001645	3750	-0.002798	-36.225113
923	0.001592	3750	-0.002644	-36.227758
924	0.001540	3750	-0.002865	-36.230623
925	0.001490	3750	-0.002519	-36.233142
926	0.001440	3750	-0.002983	-36.236125
927	0.001391	3750	-0.002877	-36.239002
928	0.001343	3750	-0.003298	-36.242300
929	0.001296	3750	-0.002747	-36.245047
930	0.001251	3750	-0.002509	-36.247555
931	0.001206	3750	-0.002476	-36.250031
932	0.001162	3750	-0.002454	-36.252485
933	0.001119	3750	-0.002253	-36.254738
934	0.001077	3750	-0.002486	-36.257224
935	0.001036	3750	-0.002251	-36.259475
936	0.000996	3750	-0.002277	-36.261752
937	0.000957	3750	-0.002310	-36.264062
938	0.000919	3750	-0.002143	-36.266205
939	0.000882	3750	-0.002185	-36.268391
940	0.000846	3750	-0.002215	-36.270605
941	0.000810	3750	-0.002100	-36.272705
942	0.000776	3750	-0.001876	-36.274581
943	0.000742	3750	-0.001939	-36.276520
944	0.000709	3750	-0.001973	-36.278494
945	0.000678	3750	-0.001913	-36.280406
946	0.000647	3750	-0.001783	-36.282189
947	0.000617	3750	-0.001820	-36.284009
948	0.000587	3750	-0.001767	-36.285776
949	0.000559	3750	-0.001494	-36.287269
950	0.000531	3750	-0.001558	-36.288827
951	0.000505	3750	-0.001599	-36.290427
952	0.000479	3750	-0.001517	-36.291944
953	0.000454	3750	-0.001465	-36.293408
954	0.000430	3750	-0.001348	-36.294756
955	0.000406	3750	-0.001320	-36.296076
956	0.000383	3750	-0.001291	-36.297367
957	0.000362	3750	-0.001185	-36.298551
958	0.000340	3750	-0.001172	-36.299723
959	0.000320	3750	-0.001351	-36.301074
960	0.000300	3750	-0.001030	-36.302104
961	0.000281	3750	-0.000948	-36.303052
962	0.000263	3750	-0.000867	-36.303919
963	0.000246	3750	-0.000879	-36.304798
964	0.000229	3750	-0.000890	-36.305688
965	0.000213	3750	-0.000871	-36.306559
966	0.000198	3750	-0.000840	-36.307399
967	0.000183	3750	-0.000778	-36.308177
968	0.000169	3750	-0.000735	-36.308912
969	0.000156	3750	-0.000730	-36.309642
970	0.000143	3750	-0.000725	-36.310367
971	0.000131	3750	-0.000687	-36.311055
972	0.000120	3750	-0.000681	-36.311735
973	0.000109	3750	-0.000677	-36.312413
974	0.000099	3750	-0.000563	-36.312976
975	0.000089	3750	-0.000558	-36.313534
976	0.000080	3750	-0.000479	-36.314013
977	0.000072	3750	-0.000451	-36.314464
978	0.000064	3750	-0.000415	-36.314879
979	0.000057	3750	-0.000358	-36.315237
980	0.000050	3750	-0.000353	-36.315589
981	0.000043	3750	-0.000332	-36.315921
982	0.000038	3750	-0.000324	-36.316245
983	0.000032	3750	-0.000270	-36.316515
984	0.000028	3750	-0.000237	-36.316752
985	0.000023	3750	-0.000238	-36.316990
986	0.000019	3750	-0.000196	-36.317186
987	0.000016	3750	-0.000193	-36.317379
988	0.000013	3750	-0.000190	-36.317569
989	0.000010	3750	-0.000150	-36.317719
990	0.000008	3750	-0.000128	-36.317847
991	0.000006	3750	-0.000100	-36.317947
992	0.000004	3750	-0.000089	-36.318035
993	0.000003	3750	-0.000070	-36.318106
994	0.000002	3750	-0.000054	-36.318160
995	0.000001	3750	-0.000042	-36.318202
996	0.000000	3750	-0.000030	-36.318232
997	0.000000	3750	-0.000018	-36.318251
998	0.000000	3750	-0.000008	-36.318259
999	0.000000	3750	-0.000002	-36.318260
Log marginal likelihood:	-36.318260
