Steppingstone sampler:
        No Stones:                  1000
        Start It:                   10010001
        It Per Stone:               5000
        Sample Freq:                1
        Dist:                       Beta(0.400000,1.000000)
Stone No	Power	N	Stone MLh	Running MLh
0	0.997502	3750	-1.726472	-1.726472
1	0.995007	3750	-1.724024	-3.450495
2	0.992517	3750	-1.722650	-5.173145
3	0.990030	3750	-1.712663	-6.885808
4	0.987547	3750	-1.711677	-8.597485
5	0.985067	3750	-1.712489	-10.309974
6	0.982592	3750	-1.711423	-12.021397
7	0.980120	3750	-1.710593	-13.731989
8	0.977652	3750	-1.704356	-15.436345
9	0.975187	3750	-1.700862	-17.137207
10	0.972726	3750	-1.694408	-18.831616
11	0.970269	3750	-1.691967	-20.523582
12	0.967816	3750	-1.689095	-22.212677
13	0.965367	3750	-1.687517	-23.900194
14	0.962921	3750	-1.686762	-25.586956
15	0.960479	3750	-1.682566	-27.269522
16	0.958040	3750	-1.680517	-28.950039
17	0.955606	3750	-1.680124	-30.630163
18	0.953175	3750	-1.674844	-32.305007
19	0.950747	3750	-1.672156	-33.977163
20	0.948324	3750	-1.670951	-35.648114
21	0.945904	3750	-1.667433	-37.315547
22	0.943488	3750	-1.666391	-38.981938
23	0.941076	3750	-1.663010	-40.644948
24	0.938667	3750	-1.657191	-42.302139
25	0.936262	3750	-1.656010	-43.958149
26	0.933861	3750	-1.655389	-45.613538
27	0.931463	3750	-1.652997	-47.266535
28	0.929069	3750	-1.652518	-48.919052
29	0.926679	3750	-1.646905	-50.565957
30	0.924293	3750	-1.646923	-52.212880
31	0.921910	3750	-1.657507	-53.870387
32	0.919531	3750	-1.638810	-55.509197
33	0.917155	3750	-1.637389	-57.146586
34	0.914783	3750	-1.633415	-58.780001
35	0.912415	3750	-1.633025	-60.413025
36	0.910051	3750	-1.628264	-62.041289
37	0.907690	3750	-1.625982	-63.667271
38	0.905333	3750	-1.623122	-65.290393
39	0.902980	3750	-1.621898	-66.912291
40	0.900630	3750	-1.618264	-68.530554
41	0.898284	3750	-1.616203	-70.146757
42	0.895942	3750	-1.612473	-71.759230
43	0.893603	3750	-1.612041	-73.371272
44	0.891268	3750	-1.610764	-74.982035
45	0.888937	3750	-1.609866	-76.591902
46	0.886609	3750	-1.602851	-78.194753
47	0.884285	3750	-1.602393	-79.797146
48	0.881965	3750	-1.603426	-81.400572
49	0.879648	3750	-1.597776	-82.998348
50	0.877335	3750	-1.593374	-84.591722
51	0.875026	3750	-1.591285	-86.183008
52	0.872720	3750	-1.587984	-87.770992
53	0.870418	3750	-1.586159	-89.357151
54	0.868120	3750	-1.584592	-90.941743
55	0.865825	3750	-1.585384	-92.527127
56	0.863534	3750	-1.584770	-94.111897
57	0.861246	3750	-1.579939	-95.691836
58	0.858962	3750	-1.579608	-97.271444
59	0.856682	3750	-1.572876	-98.844320
60	0.854405	3750	-1.574049	-100.418370
61	0.852132	3750	-1.580264	-101.998633
62	0.849863	3750	-1.569008	-103.567641
63	0.847597	3750	-1.563872	-105.131513
64	0.845335	3750	-1.564937	-106.696450
65	0.843077	3750	-1.562219	-108.258669
66	0.840822	3750	-1.565221	-109.823890
67	0.838571	3750	-1.554019	-111.377909
68	0.836323	3750	-1.561695	-112.939605
69	0.834079	3750	-1.566328	-114.505933
70	0.831839	3750	-1.572840	-116.078773
71	0.829602	3750	-1.548007	-117.626780
72	0.827369	3750	-1.537437	-119.164218
73	0.825140	3750	-1.536682	-120.700899
74	0.822914	3750	-1.537681	-122.238580
75	0.820691	3750	-1.534310	-123.772890
76	0.818473	3750	-1.534595	-125.307485
77	0.816258	3750	-1.529280	-126.836764
78	0.814046	3750	-1.535992	-128.372756
79	0.811838	3750	-1.534875	-129.907631
80	0.809634	3750	-1.520633	-131.428264
81	0.807433	3750	-1.516620	-132.944883
82	0.805236	3750	-1.514815	-134.459698
83	0.803043	3750	-1.512625	-135.972323
84	0.800853	3750	-1.512213	-137.484536
85	0.798667	3750	-1.507792	-138.992328
86	0.796484	3750	-1.508550	-140.500878
87	0.794305	3750	-1.501756	-142.002634
88	0.792129	3750	-1.499620	-143.502254
89	0.789957	3750	-1.506590	-145.008844
90	0.787789	3750	-1.496736	-146.505579
91	0.785624	3750	-1.492800	-147.998379
92	0.783463	3750	-1.489179	-149.487558
93	0.781305	3750	-1.488491	-150.976049
94	0.779151	3750	-1.487729	-152.463778
95	0.777000	3750	-1.489377	-153.953155
96	0.774853	3750	-1.479974	-155.433129
97	0.772710	3750	-1.486478	-156.919606
98	0.770570	3750	-1.486557	-158.406163
99	0.768433	3750	-1.485680	-159.891842
100	0.766301	3750	-1.473126	-161.364968
101	0.764172	3750	-1.475218	-162.840186
102	0.762046	3750	-1.473146	-164.313332
103	0.759924	3750	-1.472012	-165.785344
104	0.757805	3750	-1.476400	-167.261744
105	0.755690	3750	-1.470897	-168.732641
106	0.753579	3750	-1.456396	-170.189037
107	0.751471	3750	-1.455099	-171.644136
108	0.749366	3750	-1.462172	-173.106308
109	0.747266	3750	-1.455663	-174.561971
110	0.745168	3750	-1.447397	-176.009368
111	0.743075	3750	-1.447295	-177.456663
112	0.740984	3750	-1.447911	-178.904574
113	0.738898	3750	-1.448790	-180.353363
114	0.736815	3750	-1.448580	-181.801943
115	0.734735	3750	-1.434410	-183.236353
116	0.732659	3750	-1.434690	-184.671043
117	0.730586	3750	-1.430857	-186.101900
118	0.728517	3750	-1.428883	-187.530783
119	0.726452	3750	-1.424549	-188.955332
120	0.724390	3750	-1.429607	-190.384940
121	0.722331	3750	-1.427839	-191.812778
122	0.720276	3750	-1.424128	-193.236906
123	0.718225	3750	-1.430389	-194.667295
124	0.716177	3750	-1.415384	-196.082679
125	0.714132	3750	-1.416207	-197.498886
126	0.712091	3750	-1.415315	-198.914201
127	0.710054	3750	-1.411676	-200.325877
128	0.708020	3750	-1.407030	-201.732907
129	0.705989	3750	-1.404265	-203.137173
130	0.703962	3750	-1.401844	-204.539016
131	0.701939	3750	-1.397386	-205.936402
132	0.699919	3750	-1.397745	-207.334147
133	0.697902	3750	-1.401046	-208.735192
134	0.695889	3750	-1.398691	-210.133883
135	0.693880	3750	-1.392820	-211.526703
136	0.691874	3750	-1.398610	-212.925313
137	0.689871	3750	-1.384291	-214.309605
138	0.687872	3750	-1.379590	-215.689194
139	0.685877	3750	-1.379946	-217.069141
140	0.683885	3750	-1.379651	-218.448792
141	0.681896	3750	-1.375817	-219.824609
142	0.679911	3750	-1.368660	-221.193269
143	0.677929	3750	-1.365832	-222.559101
144	0.675951	3750	-1.365687	-223.924788
145	0.673976	3750	-1.361584	-225.286372
146	0.672005	3750	-1.361406	-226.647778
147	0.670037	3750	-1.360272	-228.008050
148	0.668073	3750	-1.359155	-229.367205
149	0.666112	3750	-1.362575	-230.729781
150	0.664155	3750	-1.351994	-232.081775
151	0.662201	3750	-1.350131	-233.431906
152	0.660250	3750	-1.344473	-234.776379
153	0.658303	3750	-1.347927	-236.124306
154	0.656359	3750	-1.341397	-237.465703
155	0.654419	3750	-1.342757	-238.808460
156	0.652483	3750	-1.340386	-240.148845
157	0.650549	3750	-1.336321	-241.485167
158	0.648619	3750	-1.333006	-242.818173
159	0.646693	3750	-1.335513	-244.153686
160	0.644770	3750	-1.334279	-245.487965
161	0.642851	3750	-1.328811	-246.816776
162	0.640934	3750	-1.327202	-248.143977
163	0.639022	3750	-1.330348	-249.474325
164	0.637113	3750	-1.317062	-250.791387
165	0.635207	3750	-1.332170	-252.123557
166	0.633304	3750	-1.327416	-253.450973
167	0.631405	3750	-1.319104	-254.770077
168	0.629510	3750	-1.320631	-256.090708
169	0.627618	3750	-1.316169	-257.406877
170	0.625729	3750	-1.308718	-258.715595
171	0.623844	3750	-1.304234	-260.019829
172	0.621962	3750	-1.303055	-261.322884
173	0.620083	3750	-1.318146	-262.641030
174	0.618208	3750	-1.298050	-263.939080
175	0.616337	3750	-1.293179	-265.232259
176	0.614468	3750	-1.305298	-266.537556
177	0.612604	3750	-1.290876	-267.828432
178	0.610742	3750	-1.285897	-269.114329
179	0.608884	3750	-1.289492	-270.403821
180	0.607029	3750	-1.281522	-271.685342
181	0.605178	3750	-1.279966	-272.965308
182	0.603330	3750	-1.280741	-274.246049
183	0.601486	3750	-1.275212	-275.521260
184	0.599645	3750	-1.285583	-276.806843
185	0.597807	3750	-1.283000	-278.089843
186	0.595973	3750	-1.267717	-279.357560
187	0.594142	3750	-1.267804	-280.625364
188	0.592314	3750	-1.262062	-281.887426
189	0.590490	3750	-1.269621	-283.157047
190	0.588669	3750	-1.260285	-284.417332
191	0.586852	3750	-1.261919	-285.679251
192	0.585038	3750	-1.257812	-286.937063
193	0.583227	3750	-1.265171	-288.202234
194	0.581420	3750	-1.251241	-289.453475
195	0.579616	3750	-1.257627	-290.711101
196	0.577815	3750	-1.259020	-291.970122
197	0.576018	3750	-1.244786	-293.214908
198	0.574224	3750	-1.244455	-294.459363
199	0.572433	3750	-1.243980	-295.703343
200	0.570646	3750	-1.235373	-296.938716
201	0.568862	3750	-1.237713	-298.176429
202	0.567082	3750	-1.228362	-299.404791
203	0.565305	3750	-1.229554	-300.634344
204	0.563531	3750	-1.234688	-301.869032
205	0.561761	3750	-1.235892	-303.104924
206	0.559993	3750	-1.225184	-304.330108
207	0.558230	3750	-1.220778	-305.550887
208	0.556469	3750	-1.219208	-306.770095
209	0.554712	3750	-1.225754	-307.995848
210	0.552958	3750	-1.212274	-309.208122
211	0.551208	3750	-1.214938	-310.423059
212	0.549461	3750	-1.220692	-311.643752
213	0.547717	3750	-1.216752	-312.860504
214	0.545977	3750	-1.211439	-314.071944
215	0.544240	3750	-1.212771	-315.284714
216	0.542506	3750	-1.211011	-316.495725
217	0.540775	3750	-1.204328	-317.700054
218	0.539048	3750	-1.197661	-318.897715
219	0.537324	3750	-1.195056	-320.092770
220	0.535604	3750	-1.197948	-321.290719
221	0.533887	3750	-1.193852	-322.484571
222	0.532173	3750	-1.194504	-323.679075
223	0.530462	3750	-1.191005	-324.870080
224	0.528755	3750	-1.182399	-326.052478
225	0.527051	3750	-1.181325	-327.233803
226	0.525350	3750	-1.194032	-328.427836
227	0.523653	3750	-1.176235	-329.604070
228	0.521958	3750	-1.171915	-330.775986
229	0.520268	3750	-1.171922	-331.947908
230	0.518580	3750	-1.174012	-333.121920
231	0.516896	3750	-1.173644	-334.295564
232	0.515215	3750	-1.166691	-335.462255
233	0.513537	3750	-1.165898	-336.628153
234	0.511863	3750	-1.170210	-337.798363
235	0.510192	3750	-1.174656	-338.973019
236	0.508524	3750	-1.156625	-340.129644
237	0.506859	3750	-1.158252	-341.287896
238	0.505198	3750	-1.152345	-342.440241
239	0.503540	3750	-1.158784	-343.599025
240	0.501885	3750	-1.152038	-344.751063
241	0.500234	3750	-1.156621	-345.907684
242	0.498586	3750	-1.152750	-347.060434
243	0.496941	3750	-1.140010	-348.200444
244	0.495299	3750	-1.144610	-349.345055
245	0.493660	3750	-1.146152	-350.491207
246	0.492025	3750	-1.143533	-351.634740
247	0.490393	3750	-1.145239	-352.779979
248	0.488765	3750	-1.149781	-353.929759
249	0.487139	3750	-1.134672	-355.064432
250	0.485517	3750	-1.122228	-356.186660
251	0.483898	3750	-1.139962	-357.326622
252	0.482283	3750	-1.122586	-358.449208
253	0.480670	3750	-1.120706	-359.569914
254	0.479061	3750	-1.114114	-360.684027
255	0.477455	3750	-1.119015	-361.803042
256	0.475852	3750	-1.111625	-362.914667
257	0.474253	3750	-1.105598	-364.020265
258	0.472656	3750	-1.110046	-365.130310
259	0.471063	3750	-1.104157	-366.234467
260	0.469474	3750	-1.100108	-367.334575
261	0.467887	3750	-1.099026	-368.433601
262	0.466304	3750	-1.093449	-369.527050
263	0.464723	3750	-1.110954	-370.638004
264	0.463146	3750	-1.108648	-371.746652
265	0.461573	3750	-1.104078	-372.850730
266	0.460002	3750	-1.096307	-373.947037
267	0.458435	3750	-1.084749	-375.031786
268	0.456871	3750	-1.087395	-376.119181
269	0.455310	3750	-1.085899	-377.205080
270	0.453752	3750	-1.080031	-378.285111
271	0.452198	3750	-1.078038	-379.363149
272	0.450647	3750	-1.090018	-380.453167
273	0.449098	3750	-1.089844	-381.543011
274	0.447554	3750	-1.085435	-382.628446
275	0.446012	3750	-1.074826	-383.703272
276	0.444473	3750	-1.070274	-384.773546
277	0.442938	3750	-1.073674	-385.847220
278	0.441406	3750	-1.068607	-386.915827
279	0.439877	3750	-1.070388	-387.986215
280	0.438351	3750	-1.069355	-389.055569
281	0.436829	3750	-1.059520	-390.115090
282	0.435309	3750	-1.058412	-391.173501
283	0.433793	3750	-1.062493	-392.235994
284	0.432280	3750	-1.066074	-393.302068
285	0.430770	3750	-1.051500	-394.353568
286	0.429263	3750	-1.050274	-395.403842
287	0.427760	3750	-1.039019	-396.442861
288	0.426259	3750	-1.037605	-397.480465
289	0.424762	3750	-1.037444	-398.517910
290	0.423268	3750	-1.053930	-399.571839
291	0.421777	3750	-1.037609	-400.609449
292	0.420289	3750	-1.049445	-401.658893
293	0.418805	3750	-1.031139	-402.690032
294	0.417323	3750	-1.025901	-403.715934
295	0.415845	3750	-1.023595	-404.739529
296	0.414370	3750	-1.023242	-405.762771
297	0.412898	3750	-1.028122	-406.790893
298	0.411429	3750	-1.021846	-407.812739
299	0.409963	3750	-1.017449	-408.830188
300	0.408501	3750	-1.033944	-409.864132
301	0.407041	3750	-1.017887	-410.882019
302	0.405585	3750	-1.012530	-411.894549
303	0.404132	3750	-1.014097	-412.908646
304	0.402682	3750	-1.017583	-413.926229
305	0.401235	3750	-1.014760	-414.940988
306	0.399791	3750	-1.010542	-415.951531
307	0.398350	3750	-1.015647	-416.967178
308	0.396913	3750	-1.004557	-417.971735
309	0.395478	3750	-1.011798	-418.983533
310	0.394047	3750	-1.002060	-419.985593
311	0.392619	3750	-0.999316	-420.984909
312	0.391194	3750	-0.995147	-421.980056
313	0.389772	3750	-0.994649	-422.974705
314	0.388353	3750	-1.005671	-423.980375
315	0.386937	3750	-0.986716	-424.967091
316	0.385524	3750	-0.988353	-425.955444
317	0.384115	3750	-0.981765	-426.937209
318	0.382708	3750	-0.985572	-427.922782
319	0.381305	3750	-0.983103	-428.905884
320	0.379904	3750	-0.976128	-429.882013
321	0.378507	3750	-0.979822	-430.861835
322	0.377113	3750	-1.006796	-431.868631
323	0.375722	3750	-0.985237	-432.853869
324	0.374334	3750	-0.961426	-433.815294
325	0.372949	3750	-0.978329	-434.793623
326	0.371567	3750	-0.975883	-435.769506
327	0.370189	3750	-0.972166	-436.741673
328	0.368813	3750	-0.972211	-437.713884
329	0.367440	3750	-0.969130	-438.683014
330	0.366071	3750	-0.959258	-439.642272
331	0.364705	3750	-0.953901	-440.596173
332	0.363341	3750	-0.944155	-441.540328
333	0.361981	3750	-0.951204	-442.491533
334	0.360624	3750	-0.951262	-443.442795
335	0.359269	3750	-0.945920	-444.388715
336	0.357918	3750	-0.950554	-445.339269
337	0.356570	3750	-0.938027	-446.277296
338	0.355225	3750	-0.938006	-447.215302
339	0.353883	3750	-0.944610	-448.159912
340	0.352544	3750	-0.935894	-449.095806
341	0.351208	3750	-0.943595	-450.039401
342	0.349875	3750	-0.924527	-450.963928
343	0.348546	3750	-0.934561	-451.898490
344	0.347219	3750	-0.931492	-452.829982
345	0.345895	3750	-0.932743	-453.762725
346	0.344574	3750	-0.923158	-454.685883
347	0.343257	3750	-0.923252	-455.609135
348	0.341942	3750	-0.917389	-456.526524
349	0.340630	3750	-0.914502	-457.441026
350	0.339322	3750	-0.919522	-458.360548
351	0.338016	3750	-0.915031	-459.275579
352	0.336714	3750	-0.911239	-460.186817
353	0.335414	3750	-0.919166	-461.105983
354	0.334118	3750	-0.916159	-462.022142
355	0.332824	3750	-0.922361	-462.944503
356	0.331534	3750	-0.901513	-463.846016
357	0.330246	3750	-0.904184	-464.750200
358	0.328962	3750	-0.905922	-465.656122
359	0.327680	3750	-0.904481	-466.560603
360	0.326401	3750	-0.908261	-467.468864
361	0.325126	3750	-0.903767	-468.372631
362	0.323853	3750	-0.900839	-469.273470
363	0.322584	3750	-0.904782	-470.178252
364	0.321317	3750	-0.886158	-471.064410
365	0.320054	3750	-0.889956	-471.954366
366	0.318793	3750	-0.882593	-472.836959
367	0.317536	3750	-0.893071	-473.730030
368	0.316281	3750	-0.887691	-474.617721
369	0.315030	3750	-0.869512	-475.487233
370	0.313781	3750	-0.874739	-476.361973
371	0.312535	3750	-0.873589	-477.235562
372	0.311293	3750	-0.874586	-478.110148
373	0.310053	3750	-0.877104	-478.987251
374	0.308816	3750	-0.869553	-479.856804
375	0.307582	3750	-0.866541	-480.723345
376	0.306352	3750	-0.866054	-481.589400
377	0.305124	3750	-0.865541	-482.454941
378	0.303899	3750	-0.859363	-483.314304
379	0.302677	3750	-0.863139	-484.177443
380	0.301458	3750	-0.862175	-485.039618
381	0.300242	3750	-0.870825	-485.910443
382	0.299029	3750	-0.863837	-486.774280
383	0.297819	3750	-0.851169	-487.625449
384	0.296611	3750	-0.855239	-488.480688
385	0.295407	3750	-0.849133	-489.329821
386	0.294206	3750	-0.852886	-490.182707
387	0.293007	3750	-0.848611	-491.031318
388	0.291812	3750	-0.848684	-491.880002
389	0.290619	3750	-0.837564	-492.717565
390	0.289430	3750	-0.839196	-493.556761
391	0.288243	3750	-0.831790	-494.388551
392	0.287059	3750	-0.831607	-495.220158
393	0.285879	3750	-0.831783	-496.051941
394	0.284701	3750	-0.830518	-496.882459
395	0.283526	3750	-0.833074	-497.715534
396	0.282354	3750	-0.825975	-498.541509
397	0.281184	3750	-0.829613	-499.371122
398	0.280018	3750	-0.833568	-500.204690
399	0.278855	3750	-0.829418	-501.034108
400	0.277694	3750	-0.858438	-501.892545
401	0.276537	3750	-0.840033	-502.732579
402	0.275382	3750	-0.813332	-503.545911
403	0.274230	3750	-0.802515	-504.348426
404	0.273082	3750	-0.824171	-505.172598
405	0.271936	3750	-0.805113	-505.977711
406	0.270793	3750	-0.798358	-506.776069
407	0.269652	3750	-0.797419	-507.573488
408	0.268515	3750	-0.803239	-508.376727
409	0.267381	3750	-0.806121	-509.182848
410	0.266249	3750	-0.797815	-509.980663
411	0.265121	3750	-0.790910	-510.771573
412	0.263995	3750	-0.794795	-511.566369
413	0.262872	3750	-0.788252	-512.354621
414	0.261752	3750	-0.798867	-513.153488
415	0.260635	3750	-0.795445	-513.948934
416	0.259520	3750	-0.789775	-514.738709
417	0.258409	3750	-0.794657	-515.533366
418	0.257300	3750	-0.784912	-516.318278
419	0.256195	3750	-0.783214	-517.101492
420	0.255092	3750	-0.804265	-517.905756
421	0.253992	3750	-0.795245	-518.701001
422	0.252895	3750	-0.789292	-519.490294
423	0.251800	3750	-0.772841	-520.263135
424	0.250709	3750	-0.765359	-521.028493
425	0.249620	3750	-0.766928	-521.795421
426	0.248534	3750	-0.759415	-522.554836
427	0.247451	3750	-0.761860	-523.316696
428	0.246371	3750	-0.760057	-524.076753
429	0.245294	3750	-0.762303	-524.839056
430	0.244220	3750	-0.776752	-525.615808
431	0.243148	3750	-0.765593	-526.381401
432	0.242079	3750	-0.750255	-527.131656
433	0.241013	3750	-0.783895	-527.915551
434	0.239950	3750	-0.769330	-528.684881
435	0.238890	3750	-0.767793	-529.452674
436	0.237832	3750	-0.768088	-530.220762
437	0.236778	3750	-0.762025	-530.982787
438	0.235726	3750	-0.760072	-531.742859
439	0.234677	3750	-0.762672	-532.505531
440	0.233630	3750	-0.771564	-533.277095
441	0.232587	3750	-0.766045	-534.043141
442	0.231546	3750	-0.753643	-534.796783
443	0.230509	3750	-0.750443	-535.547226
444	0.229473	3750	-0.751234	-536.298460
445	0.228441	3750	-0.746856	-537.045316
446	0.227412	3750	-0.745898	-537.791214
447	0.226385	3750	-0.743982	-538.535196
448	0.225361	3750	-0.742751	-539.277947
449	0.224340	3750	-0.731878	-540.009825
450	0.223322	3750	-0.726527	-540.736352
451	0.222306	3750	-0.742302	-541.478654
452	0.221293	3750	-0.725975	-542.204629
453	0.220283	3750	-0.732994	-542.937623
454	0.219276	3750	-0.740795	-543.678418
455	0.218272	3750	-0.735836	-544.414254
456	0.217270	3750	-0.725344	-545.139598
457	0.216271	3750	-0.724225	-545.863823
458	0.215275	3750	-0.725910	-546.589733
459	0.214281	3750	-0.733154	-547.322887
460	0.213291	3750	-0.720626	-548.043513
461	0.212303	3750	-0.716643	-548.760155
462	0.211318	3750	-0.716960	-549.477115
463	0.210335	3750	-0.713476	-550.190591
464	0.209356	3750	-0.720426	-550.911017
465	0.208379	3750	-0.713394	-551.624411
466	0.207404	3750	-0.705507	-552.329919
467	0.206433	3750	-0.715050	-553.044969
468	0.205464	3750	-0.705781	-553.750750
469	0.204498	3750	-0.702431	-554.453181
470	0.203535	3750	-0.700703	-555.153884
471	0.202575	3750	-0.696967	-555.850850
472	0.201617	3750	-0.699666	-556.550516
473	0.200662	3750	-0.702147	-557.252664
474	0.199709	3750	-0.689913	-557.942576
475	0.198760	3750	-0.689116	-558.631693
476	0.197813	3750	-0.687129	-559.318821
477	0.196869	3750	-0.685596	-560.004417
478	0.195927	3750	-0.695957	-560.700374
479	0.194988	3750	-0.689561	-561.389935
480	0.194052	3750	-0.678828	-562.068763
481	0.193119	3750	-0.690817	-562.759580
482	0.192188	3750	-0.671548	-563.431128
483	0.191260	3750	-0.664188	-564.095315
484	0.190335	3750	-0.661885	-564.757200
485	0.189412	3750	-0.673839	-565.431040
486	0.188492	3750	-0.662509	-566.093549
487	0.187575	3750	-0.666631	-566.760179
488	0.186660	3750	-0.671128	-567.431307
489	0.185749	3750	-0.674886	-568.106194
490	0.184839	3750	-0.663004	-568.769198
491	0.183933	3750	-0.659388	-569.428586
492	0.183029	3750	-0.660852	-570.089438
493	0.182128	3750	-0.666248	-570.755685
494	0.181229	3750	-0.659897	-571.415582
495	0.180333	3750	-0.664659	-572.080242
496	0.179440	3750	-0.658647	-572.738888
497	0.178550	3750	-0.647865	-573.386754
498	0.177662	3750	-0.655782	-574.042536
499	0.176777	3750	-0.644524	-574.687060
500	0.175894	3750	-0.646811	-575.333872
501	0.175014	3750	-0.655543	-575.989415
502	0.174137	3750	-0.639997	-576.629412
503	0.173262	3750	-0.638810	-577.268223
504	0.172390	3750	-0.656638	-577.924861
505	0.171521	3750	-0.640061	-578.564922
506	0.170654	3750	-0.637723	-579.202645
507	0.169790	3750	-0.622911	-579.825557
508	0.168929	3750	-0.625435	-580.450991
509	0.168070	3750	-0.647368	-581.098359
510	0.167214	3750	-0.636596	-581.734956
511	0.166360	3750	-0.625808	-582.360764
512	0.165509	3750	-0.629110	-582.989874
513	0.164661	3750	-0.623835	-583.613708
514	0.163815	3750	-0.610955	-584.224663
515	0.162972	3750	-0.616726	-584.841389
516	0.162132	3750	-0.616317	-585.457705
517	0.161294	3750	-0.620305	-586.078010
518	0.160458	3750	-0.613637	-586.691648
519	0.159626	3750	-0.615199	-587.306847
520	0.158796	3750	-0.607001	-587.913848
521	0.157968	3750	-0.608406	-588.522254
522	0.157143	3750	-0.607444	-589.129697
523	0.156321	3750	-0.611458	-589.741155
524	0.155501	3750	-0.603078	-590.344233
525	0.154684	3750	-0.606204	-590.950437
526	0.153870	3750	-0.618149	-591.568585
527	0.153058	3750	-0.601476	-592.170061
528	0.152248	3750	-0.591878	-592.761940
529	0.151441	3750	-0.594669	-593.356608
530	0.150637	3750	-0.588728	-593.945337
531	0.149835	3750	-0.584937	-594.530274
532	0.149036	3750	-0.596453	-595.126727
533	0.148240	3750	-0.594466	-595.721193
534	0.147446	3750	-0.577760	-596.298953
535	0.146654	3750	-0.590101	-596.889054
536	0.145865	3750	-0.577913	-597.466967
537	0.145079	3750	-0.580425	-598.047392
538	0.144295	3750	-0.604029	-598.651421
539	0.143514	3750	-0.586658	-599.238079
540	0.142735	3750	-0.574283	-599.812361
541	0.141959	3750	-0.573148	-600.385509
542	0.141186	3750	-0.574396	-600.959905
543	0.140415	3750	-0.584457	-601.544362
544	0.139646	3750	-0.585726	-602.130088
545	0.138880	3750	-0.576722	-602.706810
546	0.138116	3750	-0.566331	-603.273141
547	0.137356	3750	-0.573427	-603.846567
548	0.136597	3750	-0.566778	-604.413345
549	0.135841	3750	-0.557164	-604.970509
550	0.135088	3750	-0.553165	-605.523675
551	0.134337	3750	-0.561502	-606.085177
552	0.133588	3750	-0.554507	-606.639684
553	0.132843	3750	-0.552916	-607.192600
554	0.132099	3750	-0.547820	-607.740420
555	0.131358	3750	-0.552067	-608.292487
556	0.130620	3750	-0.548580	-608.841067
557	0.129884	3750	-0.543104	-609.384171
558	0.129151	3750	-0.553241	-609.937412
559	0.128420	3750	-0.544811	-610.482223
560	0.127691	3750	-0.551887	-611.034110
561	0.126965	3750	-0.538126	-611.572236
562	0.126242	3750	-0.540565	-612.112801
563	0.125521	3750	-0.539118	-612.651919
564	0.124802	3750	-0.533726	-613.185645
565	0.124086	3750	-0.542282	-613.727927
566	0.123373	3750	-0.529326	-614.257253
567	0.122662	3750	-0.537603	-614.794856
568	0.121953	3750	-0.531151	-615.326007
569	0.121247	3750	-0.536581	-615.862588
570	0.120543	3750	-0.530641	-616.393228
571	0.119842	3750	-0.539543	-616.932772
572	0.119143	3750	-0.525558	-617.458330
573	0.118447	3750	-0.534831	-617.993161
574	0.117753	3750	-0.515987	-618.509148
575	0.117062	3750	-0.522340	-619.031488
576	0.116373	3750	-0.520819	-619.552306
577	0.115686	3750	-0.524336	-620.076642
578	0.115002	3750	-0.521006	-620.597648
579	0.114320	3750	-0.518527	-621.116175
580	0.113641	3750	-0.509270	-621.625446
581	0.112964	3750	-0.515614	-622.141059
582	0.112290	3750	-0.508925	-622.649985
583	0.111618	3750	-0.505003	-623.154988
584	0.110948	3750	-0.516001	-623.670989
585	0.110281	3750	-0.500792	-624.171781
586	0.109616	3750	-0.496973	-624.668754
587	0.108954	3750	-0.492509	-625.161263
588	0.108294	3750	-0.503227	-625.664490
589	0.107637	3750	-0.492218	-626.156708
590	0.106981	3750	-0.496424	-626.653132
591	0.106329	3750	-0.500783	-627.153915
592	0.105678	3750	-0.494059	-627.647974
593	0.105030	3750	-0.484428	-628.132402
594	0.104385	3750	-0.490830	-628.623232
595	0.103742	3750	-0.484678	-629.107910
596	0.103101	3750	-0.485945	-629.593855
597	0.102463	3750	-0.489416	-630.083270
598	0.101827	3750	-0.484510	-630.567780
599	0.101193	3750	-0.487753	-631.055533
600	0.100562	3750	-0.475417	-631.530950
601	0.099933	3750	-0.490530	-632.021480
602	0.099306	3750	-0.472668	-632.494148
603	0.098682	3750	-0.466894	-632.961042
604	0.098060	3750	-0.473825	-633.434867
605	0.097441	3750	-0.480363	-633.915230
606	0.096824	3750	-0.475145	-634.390375
607	0.096209	3750	-0.470280	-634.860655
608	0.095596	3750	-0.459532	-635.320187
609	0.094986	3750	-0.462798	-635.782985
610	0.094379	3750	-0.460696	-636.243681
611	0.093773	3750	-0.463212	-636.706893
612	0.093170	3750	-0.464837	-637.171730
613	0.092570	3750	-0.468325	-637.640055
614	0.091971	3750	-0.461039	-638.101094
615	0.091375	3750	-0.464760	-638.565854
616	0.090781	3750	-0.446007	-639.011861
617	0.090190	3750	-0.449031	-639.460892
618	0.089601	3750	-0.458906	-639.919799
619	0.089014	3750	-0.453318	-640.373117
620	0.088430	3750	-0.439120	-640.812237
621	0.087848	3750	-0.453617	-641.265854
622	0.087268	3750	-0.452439	-641.718293
623	0.086690	3750	-0.436494	-642.154787
624	0.086115	3750	-0.432601	-642.587388
625	0.085542	3750	-0.441306	-643.028694
626	0.084971	3750	-0.444157	-643.472852
627	0.084403	3750	-0.439683	-643.912535
628	0.083837	3750	-0.437798	-644.350333
629	0.083273	3750	-0.432038	-644.782371
630	0.082712	3750	-0.430894	-645.213265
631	0.082152	3750	-0.426825	-645.640090
632	0.081595	3750	-0.426504	-646.066593
633	0.081041	3750	-0.418533	-646.485127
634	0.080488	3750	-0.434121	-646.919248
635	0.079938	3750	-0.413136	-647.332383
636	0.079390	3750	-0.425360	-647.757743
637	0.078845	3750	-0.432330	-648.190073
638	0.078301	3750	-0.413941	-648.604014
639	0.077760	3750	-0.413525	-649.017539
640	0.077221	3750	-0.418200	-649.435739
641	0.076684	3750	-0.413006	-649.848745
642	0.076150	3750	-0.405919	-650.254664
643	0.075618	3750	-0.408298	-650.662962
644	0.075088	3750	-0.407541	-651.070502
645	0.074560	3750	-0.415188	-651.485691
646	0.074035	3750	-0.404898	-651.890588
647	0.073512	3750	-0.401708	-652.292296
648	0.072991	3750	-0.403780	-652.696077
649	0.072472	3750	-0.398302	-653.094379
650	0.071955	3750	-0.403217	-653.497596
651	0.071441	3750	-0.397678	-653.895274
652	0.070929	3750	-0.404603	-654.299877
653	0.070419	3750	-0.390778	-654.690655
654	0.069911	3750	-0.390693	-655.081348
655	0.069406	3750	-0.390866	-655.472214
656	0.068903	3750	-0.383004	-655.855218
657	0.068401	3750	-0.395719	-656.250937
658	0.067903	3750	-0.392402	-656.643339
659	0.067406	3750	-0.393626	-657.036965
660	0.066911	3750	-0.394190	-657.431155
661	0.066419	3750	-0.383797	-657.814952
662	0.065929	3750	-0.378033	-658.192985
663	0.065441	3750	-0.393261	-658.586245
664	0.064955	3750	-0.378566	-658.964812
665	0.064471	3750	-0.379735	-659.344546
666	0.063990	3750	-0.383227	-659.727773
667	0.063510	3750	-0.375443	-660.103217
668	0.063033	3750	-0.375077	-660.478293
669	0.062558	3750	-0.375202	-660.853496
670	0.062085	3750	-0.378252	-661.231747
671	0.061615	3750	-0.375440	-661.607187
672	0.061146	3750	-0.362876	-661.970063
673	0.060680	3750	-0.365302	-662.335365
674	0.060216	3750	-0.358847	-662.694212
675	0.059753	3750	-0.374306	-663.068519
676	0.059293	3750	-0.355549	-663.424068
677	0.058836	3750	-0.359947	-663.784015
678	0.058380	3750	-0.364151	-664.148166
679	0.057926	3750	-0.362162	-664.510328
680	0.057475	3750	-0.355794	-664.866123
681	0.057025	3750	-0.352359	-665.218482
682	0.056578	3750	-0.352763	-665.571245
683	0.056133	3750	-0.356262	-665.927507
684	0.055690	3750	-0.348688	-666.276194
685	0.055249	3750	-0.342778	-666.618973
686	0.054810	3750	-0.353213	-666.972186
687	0.054373	3750	-0.337541	-667.309727
688	0.053939	3750	-0.346050	-667.655777
689	0.053506	3750	-0.340169	-667.995946
690	0.053076	3750	-0.347127	-668.343072
691	0.052647	3750	-0.334350	-668.677422
692	0.052221	3750	-0.340544	-669.017965
693	0.051797	3750	-0.333186	-669.351152
694	0.051375	3750	-0.331954	-669.683106
695	0.050955	3750	-0.338443	-670.021549
696	0.050537	3750	-0.335682	-670.357231
697	0.050121	3750	-0.329575	-670.686806
698	0.049707	3750	-0.335655	-671.022461
699	0.049295	3750	-0.328005	-671.350466
700	0.048885	3750	-0.325126	-671.675592
701	0.048478	3750	-0.321243	-671.996836
702	0.048072	3750	-0.323278	-672.320114
703	0.047668	3750	-0.324472	-672.644586
704	0.047267	3750	-0.330689	-672.975275
705	0.046867	3750	-0.324900	-673.300176
706	0.046470	3750	-0.319110	-673.619286
707	0.046074	3750	-0.328370	-673.947655
708	0.045681	3750	-0.322955	-674.270610
709	0.045289	3750	-0.320261	-674.590871
710	0.044900	3750	-0.321251	-674.912122
711	0.044512	3750	-0.309362	-675.221484
712	0.044127	3750	-0.308523	-675.530008
713	0.043744	3750	-0.311946	-675.841953
714	0.043362	3750	-0.301665	-676.143618
715	0.042983	3750	-0.299077	-676.442695
716	0.042606	3750	-0.300652	-676.743348
717	0.042230	3750	-0.301629	-677.044976
718	0.041857	3750	-0.298513	-677.343489
719	0.041485	3750	-0.311424	-677.654913
720	0.041116	3750	-0.291336	-677.946249
721	0.040749	3750	-0.291552	-678.237801
722	0.040383	3750	-0.292088	-678.529889
723	0.040020	3750	-0.288573	-678.818461
724	0.039658	3750	-0.297657	-679.116118
725	0.039299	3750	-0.289440	-679.405558
726	0.038941	3750	-0.292725	-679.698283
727	0.038585	3750	-0.281930	-679.980213
728	0.038232	3750	-0.287328	-680.267541
729	0.037880	3750	-0.288149	-680.555690
730	0.037530	3750	-0.280879	-680.836569
731	0.037182	3750	-0.282300	-681.118870
732	0.036836	3750	-0.281999	-681.400869
733	0.036493	3750	-0.279933	-681.680802
734	0.036151	3750	-0.271740	-681.952543
735	0.035810	3750	-0.274390	-682.226932
736	0.035472	3750	-0.266807	-682.493739
737	0.035136	3750	-0.269068	-682.762807
738	0.034802	3750	-0.267825	-683.030632
739	0.034469	3750	-0.263549	-683.294181
740	0.034139	3750	-0.273142	-683.567323
741	0.033810	3750	-0.263745	-683.831069
742	0.033484	3750	-0.264238	-684.095306
743	0.033159	3750	-0.261109	-684.356415
744	0.032836	3750	-0.257668	-684.614082
745	0.032515	3750	-0.257779	-684.871861
746	0.032196	3750	-0.264205	-685.136067
747	0.031879	3750	-0.262228	-685.398294
748	0.031563	3750	-0.254438	-685.652732
749	0.031250	3750	-0.275239	-685.927972
750	0.030938	3750	-0.257278	-686.185250
751	0.030629	3750	-0.254469	-686.439719
752	0.030321	3750	-0.261324	-686.701043
753	0.030015	3750	-0.252976	-686.954019
754	0.029711	3750	-0.246850	-687.200869
755	0.029409	3750	-0.248483	-687.449351
756	0.029108	3750	-0.249539	-687.698890
757	0.028810	3750	-0.252340	-687.951230
758	0.028513	3750	-0.249300	-688.200530
759	0.028218	3750	-0.245599	-688.446129
760	0.027925	3750	-0.239588	-688.685716
761	0.027634	3750	-0.240659	-688.926376
762	0.027345	3750	-0.238460	-689.164836
763	0.027057	3750	-0.234354	-689.399191
764	0.026771	3750	-0.233397	-689.632587
765	0.026487	3750	-0.226814	-689.859401
766	0.026205	3750	-0.233037	-690.092438
767	0.025925	3750	-0.231345	-690.323783
768	0.025647	3750	-0.228944	-690.552727
769	0.025370	3750	-0.238773	-690.791500
770	0.025095	3750	-0.230753	-691.022253
771	0.024822	3750	-0.231522	-691.253776
772	0.024551	3750	-0.229964	-691.483740
773	0.024281	3750	-0.226217	-691.709957
774	0.024014	3750	-0.219704	-691.929661
775	0.023748	3750	-0.213586	-692.143247
776	0.023483	3750	-0.220835	-692.364083
777	0.023221	3750	-0.215593	-692.579675
778	0.022960	3750	-0.212406	-692.792081
779	0.022702	3750	-0.218077	-693.010158
780	0.022445	3750	-0.213452	-693.223610
781	0.022189	3750	-0.218442	-693.442052
782	0.021936	3750	-0.222296	-693.664348
783	0.021684	3750	-0.212730	-693.877078
784	0.021434	3750	-0.210040	-694.087118
785	0.021185	3750	-0.213818	-694.300936
786	0.020939	3750	-0.212564	-694.513500
787	0.020694	3750	-0.205382	-694.718883
788	0.020451	3750	-0.203271	-694.922154
789	0.020209	3750	-0.204171	-695.126325
790	0.019969	3750	-0.204795	-695.331120
791	0.019731	3750	-0.205560	-695.536680
792	0.019495	3750	-0.195271	-695.731950
793	0.019261	3750	-0.197986	-695.929936
794	0.019028	3750	-0.194579	-696.124515
795	0.018796	3750	-0.199449	-696.323964
796	0.018567	3750	-0.203023	-696.526987
797	0.018339	3750	-0.193607	-696.720594
798	0.018113	3750	-0.191483	-696.912078
799	0.017889	3750	-0.198265	-697.110342
800	0.017666	3750	-0.190311	-697.300653
801	0.017445	3750	-0.193043	-697.493696
802	0.017225	3750	-0.196488	-697.690183
803	0.017007	3750	-0.181943	-697.872127
804	0.016791	3750	-0.189125	-698.061252
805	0.016577	3750	-0.181663	-698.242915
806	0.016364	3750	-0.180965	-698.423881
807	0.016153	3750	-0.184231	-698.608112
808	0.015943	3750	-0.182043	-698.790155
809	0.015736	3750	-0.175742	-698.965896
810	0.015529	3750	-0.172384	-699.138280
811	0.015325	3750	-0.173905	-699.312185
812	0.015122	3750	-0.173285	-699.485470
813	0.014920	3750	-0.174689	-699.660159
814	0.014721	3750	-0.175225	-699.835384
815	0.014523	3750	-0.168144	-700.003527
816	0.014326	3750	-0.174805	-700.178333
817	0.014131	3750	-0.176284	-700.354617
818	0.013938	3750	-0.162650	-700.517267
819	0.013746	3750	-0.181731	-700.698998
820	0.013556	3750	-0.164572	-700.863570
821	0.013367	3750	-0.173423	-701.036993
822	0.013181	3750	-0.160478	-701.197472
823	0.012995	3750	-0.164316	-701.361787
824	0.012811	3750	-0.161007	-701.522794
825	0.012629	3750	-0.159392	-701.682186
826	0.012448	3750	-0.160687	-701.842873
827	0.012269	3750	-0.154886	-701.997759
828	0.012092	3750	-0.155530	-702.153289
829	0.011916	3750	-0.160386	-702.313675
830	0.011741	3750	-0.154998	-702.468673
831	0.011568	3750	-0.149487	-702.618160
832	0.011397	3750	-0.150947	-702.769107
833	0.011227	3750	-0.162145	-702.931252
834	0.011059	3750	-0.151006	-703.082258
835	0.010892	3750	-0.148555	-703.230813
836	0.010727	3750	-0.148377	-703.379190
837	0.010563	3750	-0.153302	-703.532493
838	0.010401	3750	-0.143269	-703.675762
839	0.010240	3750	-0.146757	-703.822520
840	0.010081	3750	-0.139881	-703.962401
841	0.009923	3750	-0.138094	-704.100495
842	0.009767	3750	-0.137150	-704.237645
843	0.009612	3750	-0.139771	-704.377416
844	0.009459	3750	-0.139077	-704.516493
845	0.009307	3750	-0.142046	-704.658539
846	0.009156	3750	-0.140634	-704.799173
847	0.009008	3750	-0.141123	-704.940296
848	0.008860	3750	-0.137828	-705.078124
849	0.008714	3750	-0.135025	-705.213149
850	0.008570	3750	-0.135410	-705.348559
851	0.008427	3750	-0.129557	-705.478117
852	0.008285	3750	-0.127819	-705.605935
853	0.008145	3750	-0.129685	-705.735620
854	0.008006	3750	-0.127327	-705.862947
855	0.007869	3750	-0.124302	-705.987249
856	0.007733	3750	-0.122995	-706.110245
857	0.007598	3750	-0.127559	-706.237803
858	0.007465	3750	-0.126563	-706.364366
859	0.007334	3750	-0.121534	-706.485900
860	0.007203	3750	-0.113685	-706.599584
861	0.007075	3750	-0.115652	-706.715237
862	0.006947	3750	-0.120931	-706.836167
863	0.006821	3750	-0.118665	-706.954832
864	0.006696	3750	-0.115849	-707.070681
865	0.006573	3750	-0.122373	-707.193055
866	0.006451	3750	-0.120221	-707.313276
867	0.006330	3750	-0.113965	-707.427241
868	0.006211	3750	-0.120048	-707.547289
869	0.006093	3750	-0.110817	-707.658106
870	0.005977	3750	-0.114131	-707.772237
871	0.005862	3750	-0.108370	-707.880607
872	0.005748	3750	-0.115576	-707.996183
873	0.005635	3750	-0.112023	-708.108206
874	0.005524	3750	-0.108999	-708.217205
875	0.005414	3750	-0.106960	-708.324165
876	0.005306	3750	-0.107914	-708.432079
877	0.005199	3750	-0.107925	-708.540005
878	0.005093	3750	-0.107980	-708.647985
879	0.004988	3750	-0.103679	-708.751663
880	0.004885	3750	-0.100565	-708.852228
881	0.004783	3750	-0.104763	-708.956991
882	0.004682	3750	-0.100566	-709.057558
883	0.004583	3750	-0.101093	-709.158651
884	0.004485	3750	-0.093546	-709.252196
885	0.004388	3750	-0.089923	-709.342119
886	0.004292	3750	-0.095573	-709.437692
887	0.004198	3750	-0.093974	-709.531666
888	0.004105	3750	-0.095160	-709.626826
889	0.004013	3750	-0.096862	-709.723688
890	0.003923	3750	-0.086715	-709.810403
891	0.003833	3750	-0.089794	-709.900197
892	0.003745	3750	-0.092402	-709.992599
893	0.003658	3750	-0.095643	-710.088243
894	0.003573	3750	-0.090639	-710.178881
895	0.003488	3750	-0.083120	-710.262002
896	0.003405	3750	-0.081021	-710.343023
897	0.003323	3750	-0.079724	-710.422747
898	0.003242	3750	-0.084473	-710.507219
899	0.003162	3750	-0.089142	-710.596361
900	0.003084	3750	-0.088485	-710.684847
901	0.003007	3750	-0.091593	-710.776440
902	0.002930	3750	-0.086873	-710.863312
903	0.002855	3750	-0.083434	-710.946746
904	0.002782	3750	-0.087527	-711.034274
905	0.002709	3750	-0.080651	-711.114924
906	0.002638	3750	-0.085230	-711.200155
907	0.002567	3750	-0.082353	-711.282507
908	0.002498	3750	-0.080178	-711.362686
909	0.002430	3750	-0.076542	-711.439227
910	0.002363	3750	-0.074293	-711.513520
911	0.002297	3750	-0.068739	-711.582258
912	0.002233	3750	-0.072083	-711.654341
913	0.002169	3750	-0.067246	-711.721587
914	0.002106	3750	-0.070030	-711.791617
915	0.002045	3750	-0.071362	-711.862978
916	0.001985	3750	-0.071012	-711.933990
917	0.001925	3750	-0.070099	-712.004089
918	0.001867	3750	-0.073628	-712.077717
919	0.001810	3750	-0.069523	-712.147240
920	0.001754	3750	-0.063841	-712.211081
921	0.001699	3750	-0.065565	-712.276647
922	0.001645	3750	-0.061907	-712.338554
923	0.001592	3750	-0.059804	-712.398358
924	0.001540	3750	-0.071434	-712.469791
925	0.001490	3750	-0.060027	-712.529818
926	0.001440	3750	-0.065324	-712.595142
927	0.001391	3750	-0.061259	-712.656401
928	0.001343	3750	-0.067141	-712.723542
929	0.001296	3750	-0.061224	-712.784765
930	0.001251	3750	-0.055135	-712.839900
931	0.001206	3750	-0.050610	-712.890510
932	0.001162	3750	-0.052629	-712.943139
933	0.001119	3750	-0.045855	-712.988994
934	0.001077	3750	-0.051850	-713.040845
935	0.001036	3750	-0.051542	-713.092387
936	0.000996	3750	-0.044949	-713.137336
937	0.000957	3750	-0.043389	-713.180724
938	0.000919	3750	-0.043531	-713.224255
939	0.000882	3750	-0.043694	-713.267949
940	0.000846	3750	-0.048221	-713.316170
941	0.000810	3750	-0.043090	-713.359260
942	0.000776	3750	-0.041793	-713.401053
943	0.000742	3750	-0.048194	-713.449247
944	0.000709	3750	-0.039140	-713.488387
945	0.000678	3750	-0.038868	-713.527255
946	0.000647	3750	-0.038630	-713.565886
947	0.000617	3750	-0.049076	-713.614962
948	0.000587	3750	-0.040558	-713.655520
949	0.000559	3750	-0.040441	-713.695961
950	0.000531	3750	-0.041245	-713.737206
951	0.000505	3750	-0.038294	-713.775500
952	0.000479	3750	-0.036412	-713.811912
953	0.000454	3750	-0.033226	-713.845138
954	0.000430	3750	-0.036298	-713.881436
955	0.000406	3750	-0.035774	-713.917210
956	0.000383	3750	-0.033431	-713.950641
957	0.000362	3750	-0.034178	-713.984819
958	0.000340	3750	-0.033669	-714.018488
959	0.000320	3750	-0.032284	-714.050771
960	0.000300	3750	-0.029763	-714.080535
961	0.000281	3750	-0.028004	-714.108539
962	0.000263	3750	-0.021353	-714.129892
963	0.000246	3750	-0.022675	-714.152567
964	0.000229	3750	-0.020252	-714.172819
965	0.000213	3750	-0.020312	-714.193131
966	0.000198	3750	-0.019058	-714.212189
967	0.000183	3750	-0.015819	-714.228007
968	0.000169	3750	-0.018366	-714.246373
969	0.000156	3750	-0.019713	-714.266086
970	0.000143	3750	-0.019283	-714.285368
971	0.000131	3750	-0.015287	-714.300655
972	0.000120	3750	-0.015706	-714.316361
973	0.000109	3750	-0.016884	-714.333245
974	0.000099	3750	-0.016255	-714.349499
975	0.000089	3750	-0.015567	-714.365066
976	0.000080	3750	-0.012507	-714.377573
977	0.000072	3750	-0.011881	-714.389454
978	0.000064	3750	-0.012119	-714.401573
979	0.000057	3750	-0.012627	-714.414199
980	0.000050	3750	-0.010387	-714.424587
981	0.000043	3750	-0.010954	-714.435540
982	0.000038	3750	-0.009479	-714.445019
983	0.000032	3750	-0.008353	-714.453372
984	0.000028	3750	-0.007348	-714.460720
985	0.000023	3750	-0.005550	-714.466270
986	0.000019	3750	-0.005663	-714.471934
987	0.000016	3750	-0.004716	-714.476650
988	0.000013	3750	-0.004202	-714.480852
989	0.000010	3750	-0.003201	-714.484053
990	0.000008	3750	-0.003216	-714.487268
991	0.000006	3750	-0.002294	-714.489562
992	0.000004	3750	-0.001896	-714.491458
993	0.000003	3750	-0.002004	-714.493462
994	0.000002	3750	-0.001256	-714.494718
995	0.000001	3750	-0.000912	-714.495630
996	0.000000	3750	-0.000760	-714.496390
997	0.000000	3750	-0.000377	-714.496768
998	0.000000	3750	-0.000187	-714.496955
999	0.000000	3750	-0.000036	-714.496991
Log marginal likelihood:	-714.496991
