Steppingstone sampler:
        No Stones:                  1000
        Start It:                   10010001
        It Per Stone:               5000
        Sample Freq:                1
        Dist:                       Beta(0.400000,1.000000)
Stone No	Power	N	Stone MLh	Running MLh
0	0.997502	3750	-0.284515	-0.284515
1	0.995007	3750	-0.290849	-0.575364
2	0.992517	3750	-0.289776	-0.865141
3	0.990030	3750	-0.287936	-1.153077
4	0.987547	3750	-0.279898	-1.432975
5	0.985067	3750	-0.279664	-1.712639
6	0.982592	3750	-0.279350	-1.991989
7	0.980120	3750	-0.285523	-2.277512
8	0.977652	3750	-0.289346	-2.566858
9	0.975187	3750	-0.282431	-2.849289
10	0.972726	3750	-0.281831	-3.131120
11	0.970269	3750	-0.280732	-3.411852
12	0.967816	3750	-0.280603	-3.692455
13	0.965367	3750	-0.287957	-3.980412
14	0.962921	3750	-0.276923	-4.257334
15	0.960479	3750	-0.280946	-4.538280
16	0.958040	3750	-0.284833	-4.823113
17	0.955606	3750	-0.277540	-5.100653
18	0.953175	3750	-0.277000	-5.377653
19	0.950747	3750	-0.275035	-5.652688
20	0.948324	3750	-0.278475	-5.931164
21	0.945904	3750	-0.277834	-6.208998
22	0.943488	3750	-0.279155	-6.488153
23	0.941076	3750	-0.277299	-6.765452
24	0.938667	3750	-0.269410	-7.034862
25	0.936262	3750	-0.263708	-7.298570
26	0.933861	3750	-0.273142	-7.571712
27	0.931463	3750	-0.272779	-7.844491
28	0.929069	3750	-0.274939	-8.119430
29	0.926679	3750	-0.268760	-8.388189
30	0.924293	3750	-0.271741	-8.659931
31	0.921910	3750	-0.275902	-8.935832
32	0.919531	3750	-0.274407	-9.210240
33	0.917155	3750	-0.274530	-9.484769
34	0.914783	3750	-0.272742	-9.757511
35	0.912415	3750	-0.267379	-10.024891
36	0.910051	3750	-0.260468	-10.285359
37	0.907690	3750	-0.274311	-10.559670
38	0.905333	3750	-0.275174	-10.834844
39	0.902980	3750	-0.266369	-11.101213
40	0.900630	3750	-0.266541	-11.367754
41	0.898284	3750	-0.257532	-11.625286
42	0.895942	3750	-0.264593	-11.889878
43	0.893603	3750	-0.268533	-12.158411
44	0.891268	3750	-0.268724	-12.427135
45	0.888937	3750	-0.267410	-12.694545
46	0.886609	3750	-0.265158	-12.959703
47	0.884285	3750	-0.266976	-13.226679
48	0.881965	3750	-0.271564	-13.498243
49	0.879648	3750	-0.283301	-13.781544
50	0.877335	3750	-0.264393	-14.045937
51	0.875026	3750	-0.266296	-14.312234
52	0.872720	3750	-0.270025	-14.582259
53	0.870418	3750	-0.265763	-14.848021
54	0.868120	3750	-0.266349	-15.114371
55	0.865825	3750	-0.264502	-15.378873
56	0.863534	3750	-0.262251	-15.641124
57	0.861246	3750	-0.260761	-15.901885
58	0.858962	3750	-0.265144	-16.167029
59	0.856682	3750	-0.267588	-16.434616
60	0.854405	3750	-0.260486	-16.695102
61	0.852132	3750	-0.262460	-16.957562
62	0.849863	3750	-0.261370	-17.218932
63	0.847597	3750	-0.263078	-17.482010
64	0.845335	3750	-0.260779	-17.742789
65	0.843077	3750	-0.263789	-18.006578
66	0.840822	3750	-0.262423	-18.269001
67	0.838571	3750	-0.264610	-18.533611
68	0.836323	3750	-0.258534	-18.792145
69	0.834079	3750	-0.259589	-19.051734
70	0.831839	3750	-0.256840	-19.308574
71	0.829602	3750	-0.258843	-19.567416
72	0.827369	3750	-0.260085	-19.827502
73	0.825140	3750	-0.259333	-20.086835
74	0.822914	3750	-0.253837	-20.340672
75	0.820691	3750	-0.254845	-20.595517
76	0.818473	3750	-0.259386	-20.854903
77	0.816258	3750	-0.257122	-21.112025
78	0.814046	3750	-0.254964	-21.366989
79	0.811838	3750	-0.254574	-21.621562
80	0.809634	3750	-0.257462	-21.879024
81	0.807433	3750	-0.252851	-22.131875
82	0.805236	3750	-0.253766	-22.385641
83	0.803043	3750	-0.253457	-22.639099
84	0.800853	3750	-0.248281	-22.887379
85	0.798667	3750	-0.258279	-23.145658
86	0.796484	3750	-0.262214	-23.407871
87	0.794305	3750	-0.257054	-23.664926
88	0.792129	3750	-0.256259	-23.921185
89	0.789957	3750	-0.252611	-24.173796
90	0.787789	3750	-0.252467	-24.426263
91	0.785624	3750	-0.253164	-24.679427
92	0.783463	3750	-0.252211	-24.931638
93	0.781305	3750	-0.245412	-25.177050
94	0.779151	3750	-0.247612	-25.424662
95	0.777000	3750	-0.248007	-25.672670
96	0.774853	3750	-0.247397	-25.920067
97	0.772710	3750	-0.248398	-26.168464
98	0.770570	3750	-0.246523	-26.414987
99	0.768433	3750	-0.250275	-26.665263
100	0.766301	3750	-0.249835	-26.915098
101	0.764172	3750	-0.250052	-27.165150
102	0.762046	3750	-0.248026	-27.413177
103	0.759924	3750	-0.245055	-27.658231
104	0.757805	3750	-0.246241	-27.904472
105	0.755690	3750	-0.245488	-28.149960
106	0.753579	3750	-0.240279	-28.390238
107	0.751471	3750	-0.248726	-28.638964
108	0.749366	3750	-0.248296	-28.887261
109	0.747266	3750	-0.253345	-29.140605
110	0.745168	3750	-0.244615	-29.385220
111	0.743075	3750	-0.242715	-29.627935
112	0.740984	3750	-0.242756	-29.870691
113	0.738898	3750	-0.240605	-30.111296
114	0.736815	3750	-0.246664	-30.357961
115	0.734735	3750	-0.240422	-30.598383
116	0.732659	3750	-0.245120	-30.843503
117	0.730586	3750	-0.242776	-31.086279
118	0.728517	3750	-0.242141	-31.328420
119	0.726452	3750	-0.240133	-31.568553
120	0.724390	3750	-0.242538	-31.811091
121	0.722331	3750	-0.242270	-32.053361
122	0.720276	3750	-0.239378	-32.292740
123	0.718225	3750	-0.237908	-32.530648
124	0.716177	3750	-0.241852	-32.772500
125	0.714132	3750	-0.242502	-33.015002
126	0.712091	3750	-0.240579	-33.255581
127	0.710054	3750	-0.245092	-33.500674
128	0.708020	3750	-0.238086	-33.738759
129	0.705989	3750	-0.239167	-33.977927
130	0.703962	3750	-0.233214	-34.211141
131	0.701939	3750	-0.235893	-34.447034
132	0.699919	3750	-0.239092	-34.686127
133	0.697902	3750	-0.233433	-34.919559
134	0.695889	3750	-0.236107	-35.155666
135	0.693880	3750	-0.235946	-35.391612
136	0.691874	3750	-0.234654	-35.626266
137	0.689871	3750	-0.233677	-35.859942
138	0.687872	3750	-0.235007	-36.094950
139	0.685877	3750	-0.229256	-36.324206
140	0.683885	3750	-0.232867	-36.557073
141	0.681896	3750	-0.233939	-36.791012
142	0.679911	3750	-0.234953	-37.025965
143	0.677929	3750	-0.235142	-37.261107
144	0.675951	3750	-0.233539	-37.494646
145	0.673976	3750	-0.227222	-37.721868
146	0.672005	3750	-0.232374	-37.954242
147	0.670037	3750	-0.227911	-38.182153
148	0.668073	3750	-0.234776	-38.416929
149	0.666112	3750	-0.229852	-38.646780
150	0.664155	3750	-0.227532	-38.874313
151	0.662201	3750	-0.228136	-39.102448
152	0.660250	3750	-0.235141	-39.337589
153	0.658303	3750	-0.229615	-39.567204
154	0.656359	3750	-0.230517	-39.797721
155	0.654419	3750	-0.227788	-40.025509
156	0.652483	3750	-0.226470	-40.251978
157	0.650549	3750	-0.230970	-40.482948
158	0.648619	3750	-0.227903	-40.710852
159	0.646693	3750	-0.224488	-40.935340
160	0.644770	3750	-0.224715	-41.160055
161	0.642851	3750	-0.223871	-41.383927
162	0.640934	3750	-0.223455	-41.607382
163	0.639022	3750	-0.233843	-41.841225
164	0.637113	3750	-0.228754	-42.069979
165	0.635207	3750	-0.228365	-42.298345
166	0.633304	3750	-0.222919	-42.521263
167	0.631405	3750	-0.222257	-42.743520
168	0.629510	3750	-0.222311	-42.965832
169	0.627618	3750	-0.224466	-43.190298
170	0.625729	3750	-0.228545	-43.418842
171	0.623844	3750	-0.221287	-43.640129
172	0.621962	3750	-0.221432	-43.861561
173	0.620083	3750	-0.220955	-44.082516
174	0.618208	3750	-0.222868	-44.305384
175	0.616337	3750	-0.225378	-44.530763
176	0.614468	3750	-0.221458	-44.752220
177	0.612604	3750	-0.224703	-44.976923
178	0.610742	3750	-0.218543	-45.195466
179	0.608884	3750	-0.217316	-45.412782
180	0.607029	3750	-0.219588	-45.632370
181	0.605178	3750	-0.219387	-45.851757
182	0.603330	3750	-0.218590	-46.070347
183	0.601486	3750	-0.215898	-46.286245
184	0.599645	3750	-0.213128	-46.499373
185	0.597807	3750	-0.220432	-46.719805
186	0.595973	3750	-0.213241	-46.933046
187	0.594142	3750	-0.220172	-47.153218
188	0.592314	3750	-0.215061	-47.368279
189	0.590490	3750	-0.219126	-47.587405
190	0.588669	3750	-0.218710	-47.806115
191	0.586852	3750	-0.218190	-48.024305
192	0.585038	3750	-0.216340	-48.240644
193	0.583227	3750	-0.212066	-48.452710
194	0.581420	3750	-0.211114	-48.663824
195	0.579616	3750	-0.214278	-48.878103
196	0.577815	3750	-0.215352	-49.093454
197	0.576018	3750	-0.210821	-49.304275
198	0.574224	3750	-0.209734	-49.514010
199	0.572433	3750	-0.212573	-49.726582
200	0.570646	3750	-0.208457	-49.935040
201	0.568862	3750	-0.214551	-50.149591
202	0.567082	3750	-0.209768	-50.359359
203	0.565305	3750	-0.211141	-50.570499
204	0.563531	3750	-0.212570	-50.783070
205	0.561761	3750	-0.212144	-50.995214
206	0.559993	3750	-0.207388	-51.202602
207	0.558230	3750	-0.212798	-51.415401
208	0.556469	3750	-0.208036	-51.623437
209	0.554712	3750	-0.207404	-51.830841
210	0.552958	3750	-0.209340	-52.040181
211	0.551208	3750	-0.211334	-52.251515
212	0.549461	3750	-0.216842	-52.468357
213	0.547717	3750	-0.207545	-52.675902
214	0.545977	3750	-0.205886	-52.881789
215	0.544240	3750	-0.205921	-53.087710
216	0.542506	3750	-0.205176	-53.292885
217	0.540775	3750	-0.204914	-53.497799
218	0.539048	3750	-0.202767	-53.700567
219	0.537324	3750	-0.202549	-53.903116
220	0.535604	3750	-0.202255	-54.105371
221	0.533887	3750	-0.202301	-54.307672
222	0.532173	3750	-0.202281	-54.509953
223	0.530462	3750	-0.203127	-54.713080
224	0.528755	3750	-0.200436	-54.913516
225	0.527051	3750	-0.199381	-55.112897
226	0.525350	3750	-0.203774	-55.316672
227	0.523653	3750	-0.201916	-55.518587
228	0.521958	3750	-0.202230	-55.720817
229	0.520268	3750	-0.198650	-55.919467
230	0.518580	3750	-0.201937	-56.121404
231	0.516896	3750	-0.207217	-56.328621
232	0.515215	3750	-0.197565	-56.526185
233	0.513537	3750	-0.200121	-56.726307
234	0.511863	3750	-0.195940	-56.922247
235	0.510192	3750	-0.201441	-57.123688
236	0.508524	3750	-0.196897	-57.320585
237	0.506859	3750	-0.198689	-57.519275
238	0.505198	3750	-0.200523	-57.719798
239	0.503540	3750	-0.197191	-57.916988
240	0.501885	3750	-0.196141	-58.113130
241	0.500234	3750	-0.200780	-58.313910
242	0.498586	3750	-0.200410	-58.514320
243	0.496941	3750	-0.196467	-58.710786
244	0.495299	3750	-0.201229	-58.912015
245	0.493660	3750	-0.202873	-59.114888
246	0.492025	3750	-0.192074	-59.306962
247	0.490393	3750	-0.193070	-59.500032
248	0.488765	3750	-0.193647	-59.693679
249	0.487139	3750	-0.191078	-59.884757
250	0.485517	3750	-0.194965	-60.079722
251	0.483898	3750	-0.191752	-60.271474
252	0.482283	3750	-0.192785	-60.464259
253	0.480670	3750	-0.202910	-60.667170
254	0.479061	3750	-0.195248	-60.862418
255	0.477455	3750	-0.194116	-61.056534
256	0.475852	3750	-0.192646	-61.249180
257	0.474253	3750	-0.188811	-61.437991
258	0.472656	3750	-0.196966	-61.634957
259	0.471063	3750	-0.188661	-61.823618
260	0.469474	3750	-0.189650	-62.013267
261	0.467887	3750	-0.188150	-62.201417
262	0.466304	3750	-0.184856	-62.386273
263	0.464723	3750	-0.189928	-62.576202
264	0.463146	3750	-0.187199	-62.763400
265	0.461573	3750	-0.186586	-62.949986
266	0.460002	3750	-0.188016	-63.138002
267	0.458435	3750	-0.188297	-63.326299
268	0.456871	3750	-0.188353	-63.514652
269	0.455310	3750	-0.186762	-63.701414
270	0.453752	3750	-0.183826	-63.885241
271	0.452198	3750	-0.183031	-64.068271
272	0.450647	3750	-0.187366	-64.255637
273	0.449098	3750	-0.186977	-64.442614
274	0.447554	3750	-0.186541	-64.629155
275	0.446012	3750	-0.183305	-64.812461
276	0.444473	3750	-0.189448	-65.001909
277	0.442938	3750	-0.186604	-65.188513
278	0.441406	3750	-0.183803	-65.372315
279	0.439877	3750	-0.187727	-65.560043
280	0.438351	3750	-0.180620	-65.740663
281	0.436829	3750	-0.186386	-65.927049
282	0.435309	3750	-0.184023	-66.111072
283	0.433793	3750	-0.184380	-66.295451
284	0.432280	3750	-0.180005	-66.475456
285	0.430770	3750	-0.184117	-66.659573
286	0.429263	3750	-0.186196	-66.845769
287	0.427760	3750	-0.186175	-67.031944
288	0.426259	3750	-0.181228	-67.213172
289	0.424762	3750	-0.180062	-67.393234
290	0.423268	3750	-0.181183	-67.574417
291	0.421777	3750	-0.181089	-67.755505
292	0.420289	3750	-0.176299	-67.931804
293	0.418805	3750	-0.179623	-68.111427
294	0.417323	3750	-0.179478	-68.290905
295	0.415845	3750	-0.185470	-68.476375
296	0.414370	3750	-0.175172	-68.651548
297	0.412898	3750	-0.181246	-68.832794
298	0.411429	3750	-0.174271	-69.007064
299	0.409963	3750	-0.175629	-69.182694
300	0.408501	3750	-0.173654	-69.356348
301	0.407041	3750	-0.173503	-69.529850
302	0.405585	3750	-0.177645	-69.707495
303	0.404132	3750	-0.176878	-69.884373
304	0.402682	3750	-0.178676	-70.063049
305	0.401235	3750	-0.174966	-70.238015
306	0.399791	3750	-0.172962	-70.410977
307	0.398350	3750	-0.172227	-70.583204
308	0.396913	3750	-0.175453	-70.758658
309	0.395478	3750	-0.176879	-70.935536
310	0.394047	3750	-0.176912	-71.112448
311	0.392619	3750	-0.173610	-71.286058
312	0.391194	3750	-0.172409	-71.458466
313	0.389772	3750	-0.169642	-71.628109
314	0.388353	3750	-0.173812	-71.801921
315	0.386937	3750	-0.173605	-71.975526
316	0.385524	3750	-0.175499	-72.151025
317	0.384115	3750	-0.174000	-72.325026
318	0.382708	3750	-0.171107	-72.496132
319	0.381305	3750	-0.168159	-72.664291
320	0.379904	3750	-0.174014	-72.838305
321	0.378507	3750	-0.171414	-73.009720
322	0.377113	3750	-0.173830	-73.183550
323	0.375722	3750	-0.167252	-73.350802
324	0.374334	3750	-0.170193	-73.520994
325	0.372949	3750	-0.167860	-73.688854
326	0.371567	3750	-0.166832	-73.855687
327	0.370189	3750	-0.168356	-74.024043
328	0.368813	3750	-0.167090	-74.191132
329	0.367440	3750	-0.166755	-74.357888
330	0.366071	3750	-0.165373	-74.523261
331	0.364705	3750	-0.169545	-74.692806
332	0.363341	3750	-0.169032	-74.861838
333	0.361981	3750	-0.165986	-75.027824
334	0.360624	3750	-0.167963	-75.195786
335	0.359269	3750	-0.167102	-75.362889
336	0.357918	3750	-0.159514	-75.522402
337	0.356570	3750	-0.163483	-75.685885
338	0.355225	3750	-0.163290	-75.849175
339	0.353883	3750	-0.163364	-76.012540
340	0.352544	3750	-0.162809	-76.175349
341	0.351208	3750	-0.166749	-76.342097
342	0.349875	3750	-0.160195	-76.502293
343	0.348546	3750	-0.162109	-76.664402
344	0.347219	3750	-0.161832	-76.826234
345	0.345895	3750	-0.158344	-76.984577
346	0.344574	3750	-0.163923	-77.148500
347	0.343257	3750	-0.160201	-77.308701
348	0.341942	3750	-0.160161	-77.468863
349	0.340630	3750	-0.168289	-77.637152
350	0.339322	3750	-0.162016	-77.799168
351	0.338016	3750	-0.161339	-77.960507
352	0.336714	3750	-0.163678	-78.124186
353	0.335414	3750	-0.160150	-78.284336
354	0.334118	3750	-0.160597	-78.444933
355	0.332824	3750	-0.156274	-78.601208
356	0.331534	3750	-0.158774	-78.759982
357	0.330246	3750	-0.155383	-78.915365
358	0.328962	3750	-0.156390	-79.071755
359	0.327680	3750	-0.159948	-79.231703
360	0.326401	3750	-0.154825	-79.386528
361	0.325126	3750	-0.154702	-79.541230
362	0.323853	3750	-0.158379	-79.699609
363	0.322584	3750	-0.158408	-79.858016
364	0.321317	3750	-0.161534	-80.019550
365	0.320054	3750	-0.156796	-80.176346
366	0.318793	3750	-0.153007	-80.329353
367	0.317536	3750	-0.152780	-80.482133
368	0.316281	3750	-0.156281	-80.638414
369	0.315030	3750	-0.159055	-80.797469
370	0.313781	3750	-0.153520	-80.950989
371	0.312535	3750	-0.153469	-81.104458
372	0.311293	3750	-0.154275	-81.258732
373	0.310053	3750	-0.151831	-81.410563
374	0.308816	3750	-0.155593	-81.566157
375	0.307582	3750	-0.153377	-81.719533
376	0.306352	3750	-0.154603	-81.874137
377	0.305124	3750	-0.154461	-82.028598
378	0.303899	3750	-0.151194	-82.179792
379	0.302677	3750	-0.152511	-82.332304
380	0.301458	3750	-0.148718	-82.481022
381	0.300242	3750	-0.152710	-82.633731
382	0.299029	3750	-0.149995	-82.783727
383	0.297819	3750	-0.151568	-82.935295
384	0.296611	3750	-0.149168	-83.084463
385	0.295407	3750	-0.149790	-83.234253
386	0.294206	3750	-0.144554	-83.378807
387	0.293007	3750	-0.153112	-83.531919
388	0.291812	3750	-0.150989	-83.682908
389	0.290619	3750	-0.145670	-83.828578
390	0.289430	3750	-0.147017	-83.975595
391	0.288243	3750	-0.149013	-84.124608
392	0.287059	3750	-0.147946	-84.272555
393	0.285879	3750	-0.147303	-84.419858
394	0.284701	3750	-0.145719	-84.565577
395	0.283526	3750	-0.145441	-84.711018
396	0.282354	3750	-0.147567	-84.858584
397	0.281184	3750	-0.146337	-85.004921
398	0.280018	3750	-0.143642	-85.148563
399	0.278855	3750	-0.143160	-85.291722
400	0.277694	3750	-0.143972	-85.435694
401	0.276537	3750	-0.144485	-85.580179
402	0.275382	3750	-0.142617	-85.722795
403	0.274230	3750	-0.141370	-85.864165
404	0.273082	3750	-0.141363	-86.005529
405	0.271936	3750	-0.141271	-86.146799
406	0.270793	3750	-0.143026	-86.289825
407	0.269652	3750	-0.139371	-86.429196
408	0.268515	3750	-0.140627	-86.569823
409	0.267381	3750	-0.144071	-86.713894
410	0.266249	3750	-0.142936	-86.856830
411	0.265121	3750	-0.138847	-86.995676
412	0.263995	3750	-0.139421	-87.135098
413	0.262872	3750	-0.138966	-87.274063
414	0.261752	3750	-0.142264	-87.416327
415	0.260635	3750	-0.144635	-87.560962
416	0.259520	3750	-0.139625	-87.700587
417	0.258409	3750	-0.135924	-87.836511
418	0.257300	3750	-0.135460	-87.971971
419	0.256195	3750	-0.139297	-88.111267
420	0.255092	3750	-0.136569	-88.247836
421	0.253992	3750	-0.135890	-88.383726
422	0.252895	3750	-0.140254	-88.523980
423	0.251800	3750	-0.139972	-88.663952
424	0.250709	3750	-0.135859	-88.799811
425	0.249620	3750	-0.135283	-88.935094
426	0.248534	3750	-0.135261	-89.070355
427	0.247451	3750	-0.133951	-89.204306
428	0.246371	3750	-0.134803	-89.339109
429	0.245294	3750	-0.134786	-89.473895
430	0.244220	3750	-0.141187	-89.615081
431	0.243148	3750	-0.134575	-89.749656
432	0.242079	3750	-0.133448	-89.883105
433	0.241013	3750	-0.135273	-90.018378
434	0.239950	3750	-0.135716	-90.154094
435	0.238890	3750	-0.135570	-90.289664
436	0.237832	3750	-0.130971	-90.420634
437	0.236778	3750	-0.131825	-90.552459
438	0.235726	3750	-0.136782	-90.689241
439	0.234677	3750	-0.135728	-90.824969
440	0.233630	3750	-0.132061	-90.957030
441	0.232587	3750	-0.130123	-91.087153
442	0.231546	3750	-0.131997	-91.219150
443	0.230509	3750	-0.130364	-91.349514
444	0.229473	3750	-0.132583	-91.482097
445	0.228441	3750	-0.130489	-91.612586
446	0.227412	3750	-0.130411	-91.742998
447	0.226385	3750	-0.129265	-91.872262
448	0.225361	3750	-0.130094	-92.002356
449	0.224340	3750	-0.129320	-92.131676
450	0.223322	3750	-0.127628	-92.259304
451	0.222306	3750	-0.135371	-92.394675
452	0.221293	3750	-0.131026	-92.525701
453	0.220283	3750	-0.124502	-92.650203
454	0.219276	3750	-0.128262	-92.778465
455	0.218272	3750	-0.124511	-92.902976
456	0.217270	3750	-0.130334	-93.033310
457	0.216271	3750	-0.125527	-93.158837
458	0.215275	3750	-0.123505	-93.282342
459	0.214281	3750	-0.125219	-93.407561
460	0.213291	3750	-0.127240	-93.534802
461	0.212303	3750	-0.124675	-93.659476
462	0.211318	3750	-0.122138	-93.781615
463	0.210335	3750	-0.122108	-93.903723
464	0.209356	3750	-0.125161	-94.028884
465	0.208379	3750	-0.124391	-94.153274
466	0.207404	3750	-0.121006	-94.274280
467	0.206433	3750	-0.126798	-94.401078
468	0.205464	3750	-0.124510	-94.525588
469	0.204498	3750	-0.122761	-94.648349
470	0.203535	3750	-0.120354	-94.768703
471	0.202575	3750	-0.124404	-94.893107
472	0.201617	3750	-0.118186	-95.011293
473	0.200662	3750	-0.131565	-95.142858
474	0.199709	3750	-0.123491	-95.266349
475	0.198760	3750	-0.123136	-95.389485
476	0.197813	3750	-0.124867	-95.514352
477	0.196869	3750	-0.119778	-95.634130
478	0.195927	3750	-0.114915	-95.749045
479	0.194988	3750	-0.118056	-95.867100
480	0.194052	3750	-0.120401	-95.987501
481	0.193119	3750	-0.115592	-96.103093
482	0.192188	3750	-0.120418	-96.223511
483	0.191260	3750	-0.114760	-96.338271
484	0.190335	3750	-0.118473	-96.456744
485	0.189412	3750	-0.113998	-96.570742
486	0.188492	3750	-0.120424	-96.691166
487	0.187575	3750	-0.116837	-96.808003
488	0.186660	3750	-0.114860	-96.922864
489	0.185749	3750	-0.118846	-97.041710
490	0.184839	3750	-0.113653	-97.155363
491	0.183933	3750	-0.114113	-97.269476
492	0.183029	3750	-0.114168	-97.383643
493	0.182128	3750	-0.117361	-97.501005
494	0.181229	3750	-0.116860	-97.617865
495	0.180333	3750	-0.117782	-97.735647
496	0.179440	3750	-0.113772	-97.849419
497	0.178550	3750	-0.114003	-97.963422
498	0.177662	3750	-0.113860	-98.077282
499	0.176777	3750	-0.111387	-98.188669
500	0.175894	3750	-0.115805	-98.304474
501	0.175014	3750	-0.114146	-98.418620
502	0.174137	3750	-0.110608	-98.529228
503	0.173262	3750	-0.112495	-98.641723
504	0.172390	3750	-0.108684	-98.750407
505	0.171521	3750	-0.109418	-98.859825
506	0.170654	3750	-0.110397	-98.970222
507	0.169790	3750	-0.110174	-99.080396
508	0.168929	3750	-0.109661	-99.190057
509	0.168070	3750	-0.114428	-99.304485
510	0.167214	3750	-0.109958	-99.414443
511	0.166360	3750	-0.109155	-99.523597
512	0.165509	3750	-0.111132	-99.634729
513	0.164661	3750	-0.110175	-99.744905
514	0.163815	3750	-0.110919	-99.855823
515	0.162972	3750	-0.110084	-99.965908
516	0.162132	3750	-0.106053	-100.071960
517	0.161294	3750	-0.108062	-100.180022
518	0.160458	3750	-0.106070	-100.286092
519	0.159626	3750	-0.110126	-100.396218
520	0.158796	3750	-0.107769	-100.503986
521	0.157968	3750	-0.112208	-100.616194
522	0.157143	3750	-0.104966	-100.721161
523	0.156321	3750	-0.106885	-100.828046
524	0.155501	3750	-0.104777	-100.932822
525	0.154684	3750	-0.105395	-101.038217
526	0.153870	3750	-0.104772	-101.142989
527	0.153058	3750	-0.103924	-101.246914
528	0.152248	3750	-0.101989	-101.348902
529	0.151441	3750	-0.103621	-101.452523
530	0.150637	3750	-0.103795	-101.556318
531	0.149835	3750	-0.103242	-101.659561
532	0.149036	3750	-0.106012	-101.765573
533	0.148240	3750	-0.102381	-101.867953
534	0.147446	3750	-0.105351	-101.973304
535	0.146654	3750	-0.103101	-102.076405
536	0.145865	3750	-0.104933	-102.181338
537	0.145079	3750	-0.110594	-102.291932
538	0.144295	3750	-0.108066	-102.399998
539	0.143514	3750	-0.106192	-102.506189
540	0.142735	3750	-0.103447	-102.609637
541	0.141959	3750	-0.100440	-102.710077
542	0.141186	3750	-0.103194	-102.813271
543	0.140415	3750	-0.102984	-102.916255
544	0.139646	3750	-0.102842	-103.019097
545	0.138880	3750	-0.102288	-103.121385
546	0.138116	3750	-0.098683	-103.220068
547	0.137356	3750	-0.101456	-103.321523
548	0.136597	3750	-0.098954	-103.420477
549	0.135841	3750	-0.099101	-103.519578
550	0.135088	3750	-0.099133	-103.618711
551	0.134337	3750	-0.102743	-103.721454
552	0.133588	3750	-0.099968	-103.821422
553	0.132843	3750	-0.098293	-103.919715
554	0.132099	3750	-0.097805	-104.017521
555	0.131358	3750	-0.100657	-104.118177
556	0.130620	3750	-0.096788	-104.214966
557	0.129884	3750	-0.096635	-104.311600
558	0.129151	3750	-0.100079	-104.411679
559	0.128420	3750	-0.093396	-104.505075
560	0.127691	3750	-0.101279	-104.606354
561	0.126965	3750	-0.097474	-104.703829
562	0.126242	3750	-0.099054	-104.802883
563	0.125521	3750	-0.097903	-104.900786
564	0.124802	3750	-0.095634	-104.996419
565	0.124086	3750	-0.094538	-105.090958
566	0.123373	3750	-0.092205	-105.183163
567	0.122662	3750	-0.093595	-105.276758
568	0.121953	3750	-0.094939	-105.371698
569	0.121247	3750	-0.096996	-105.468693
570	0.120543	3750	-0.094910	-105.563604
571	0.119842	3750	-0.091020	-105.654624
572	0.119143	3750	-0.090443	-105.745066
573	0.118447	3750	-0.091236	-105.836302
574	0.117753	3750	-0.090710	-105.927012
575	0.117062	3750	-0.092332	-106.019344
576	0.116373	3750	-0.092263	-106.111607
577	0.115686	3750	-0.089685	-106.201291
578	0.115002	3750	-0.089394	-106.290686
579	0.114320	3750	-0.091088	-106.381774
580	0.113641	3750	-0.089628	-106.471403
581	0.112964	3750	-0.089437	-106.560839
582	0.112290	3750	-0.088567	-106.649407
583	0.111618	3750	-0.093200	-106.742607
584	0.110948	3750	-0.090791	-106.833398
585	0.110281	3750	-0.091373	-106.924771
586	0.109616	3750	-0.090598	-107.015369
587	0.108954	3750	-0.088832	-107.104201
588	0.108294	3750	-0.090765	-107.194967
589	0.107637	3750	-0.090641	-107.285608
590	0.106981	3750	-0.084983	-107.370591
591	0.106329	3750	-0.092360	-107.462951
592	0.105678	3750	-0.085265	-107.548216
593	0.105030	3750	-0.092848	-107.641064
594	0.104385	3750	-0.092805	-107.733868
595	0.103742	3750	-0.083120	-107.816988
596	0.103101	3750	-0.085282	-107.902270
597	0.102463	3750	-0.089614	-107.991884
598	0.101827	3750	-0.086589	-108.078473
599	0.101193	3750	-0.082020	-108.160493
600	0.100562	3750	-0.082758	-108.243251
601	0.099933	3750	-0.083429	-108.326680
602	0.099306	3750	-0.084400	-108.411081
603	0.098682	3750	-0.089057	-108.500138
604	0.098060	3750	-0.084506	-108.584644
605	0.097441	3750	-0.083039	-108.667684
606	0.096824	3750	-0.083915	-108.751598
607	0.096209	3750	-0.083663	-108.835261
608	0.095596	3750	-0.080510	-108.915771
609	0.094986	3750	-0.082714	-108.998485
610	0.094379	3750	-0.083402	-109.081886
611	0.093773	3750	-0.082268	-109.164154
612	0.093170	3750	-0.083172	-109.247327
613	0.092570	3750	-0.081758	-109.329084
614	0.091971	3750	-0.079333	-109.408417
615	0.091375	3750	-0.077976	-109.486393
616	0.090781	3750	-0.081377	-109.567770
617	0.090190	3750	-0.081967	-109.649737
618	0.089601	3750	-0.084844	-109.734581
619	0.089014	3750	-0.081832	-109.816413
620	0.088430	3750	-0.080278	-109.896691
621	0.087848	3750	-0.083022	-109.979713
622	0.087268	3750	-0.078223	-110.057935
623	0.086690	3750	-0.079019	-110.136954
624	0.086115	3750	-0.080080	-110.217034
625	0.085542	3750	-0.080324	-110.297359
626	0.084971	3750	-0.075355	-110.372714
627	0.084403	3750	-0.081370	-110.454083
628	0.083837	3750	-0.074360	-110.528444
629	0.083273	3750	-0.074641	-110.603084
630	0.082712	3750	-0.078644	-110.681728
631	0.082152	3750	-0.079324	-110.761052
632	0.081595	3750	-0.074153	-110.835206
633	0.081041	3750	-0.074480	-110.909686
634	0.080488	3750	-0.075476	-110.985162
635	0.079938	3750	-0.073654	-111.058816
636	0.079390	3750	-0.078494	-111.137310
637	0.078845	3750	-0.075208	-111.212518
638	0.078301	3750	-0.076330	-111.288848
639	0.077760	3750	-0.073948	-111.362796
640	0.077221	3750	-0.078115	-111.440911
641	0.076684	3750	-0.073474	-111.514385
642	0.076150	3750	-0.078538	-111.592923
643	0.075618	3750	-0.075144	-111.668067
644	0.075088	3750	-0.079947	-111.748014
645	0.074560	3750	-0.076870	-111.824883
646	0.074035	3750	-0.074035	-111.898918
647	0.073512	3750	-0.071394	-111.970312
648	0.072991	3750	-0.077868	-112.048180
649	0.072472	3750	-0.073886	-112.122066
650	0.071955	3750	-0.071336	-112.193402
651	0.071441	3750	-0.075030	-112.268432
652	0.070929	3750	-0.072688	-112.341120
653	0.070419	3750	-0.075470	-112.416590
654	0.069911	3750	-0.072116	-112.488706
655	0.069406	3750	-0.070190	-112.558895
656	0.068903	3750	-0.072623	-112.631518
657	0.068401	3750	-0.068113	-112.699631
658	0.067903	3750	-0.074010	-112.773641
659	0.067406	3750	-0.070233	-112.843874
660	0.066911	3750	-0.067035	-112.910909
661	0.066419	3750	-0.068967	-112.979876
662	0.065929	3750	-0.069042	-113.048918
663	0.065441	3750	-0.071227	-113.120145
664	0.064955	3750	-0.072236	-113.192381
665	0.064471	3750	-0.067591	-113.259972
666	0.063990	3750	-0.072224	-113.332196
667	0.063510	3750	-0.070540	-113.402736
668	0.063033	3750	-0.068175	-113.470911
669	0.062558	3750	-0.071367	-113.542278
670	0.062085	3750	-0.073428	-113.615706
671	0.061615	3750	-0.070236	-113.685942
672	0.061146	3750	-0.066708	-113.752650
673	0.060680	3750	-0.071335	-113.823985
674	0.060216	3750	-0.069657	-113.893642
675	0.059753	3750	-0.068516	-113.962158
676	0.059293	3750	-0.067128	-114.029286
677	0.058836	3750	-0.068323	-114.097608
678	0.058380	3750	-0.070397	-114.168005
679	0.057926	3750	-0.065983	-114.233988
680	0.057475	3750	-0.065428	-114.299417
681	0.057025	3750	-0.064711	-114.364128
682	0.056578	3750	-0.066158	-114.430286
683	0.056133	3750	-0.067795	-114.498081
684	0.055690	3750	-0.065001	-114.563083
685	0.055249	3750	-0.063627	-114.626710
686	0.054810	3750	-0.062997	-114.689707
687	0.054373	3750	-0.063968	-114.753675
688	0.053939	3750	-0.061998	-114.815674
689	0.053506	3750	-0.060598	-114.876272
690	0.053076	3750	-0.060110	-114.936382
691	0.052647	3750	-0.065311	-115.001693
692	0.052221	3750	-0.061030	-115.062723
693	0.051797	3750	-0.060287	-115.123011
694	0.051375	3750	-0.060547	-115.183558
695	0.050955	3750	-0.059078	-115.242636
696	0.050537	3750	-0.059620	-115.302256
697	0.050121	3750	-0.061077	-115.363333
698	0.049707	3750	-0.060133	-115.423465
699	0.049295	3750	-0.060173	-115.483638
700	0.048885	3750	-0.060690	-115.544328
701	0.048478	3750	-0.057218	-115.601546
702	0.048072	3750	-0.061181	-115.662727
703	0.047668	3750	-0.061640	-115.724367
704	0.047267	3750	-0.056214	-115.780582
705	0.046867	3750	-0.054179	-115.834760
706	0.046470	3750	-0.059028	-115.893789
707	0.046074	3750	-0.062565	-115.956353
708	0.045681	3750	-0.059133	-116.015486
709	0.045289	3750	-0.057382	-116.072869
710	0.044900	3750	-0.060707	-116.133576
711	0.044512	3750	-0.065871	-116.199447
712	0.044127	3750	-0.058137	-116.257584
713	0.043744	3750	-0.057388	-116.314972
714	0.043362	3750	-0.052801	-116.367773
715	0.042983	3750	-0.064624	-116.432397
716	0.042606	3750	-0.056716	-116.489113
717	0.042230	3750	-0.055261	-116.544373
718	0.041857	3750	-0.052888	-116.597261
719	0.041485	3750	-0.057772	-116.655033
720	0.041116	3750	-0.051412	-116.706445
721	0.040749	3750	-0.055923	-116.762369
722	0.040383	3750	-0.053143	-116.815512
723	0.040020	3750	-0.060781	-116.876293
724	0.039658	3750	-0.054619	-116.930912
725	0.039299	3750	-0.060649	-116.991561
726	0.038941	3750	-0.053913	-117.045474
727	0.038585	3750	-0.057320	-117.102794
728	0.038232	3750	-0.050118	-117.152913
729	0.037880	3750	-0.049367	-117.202280
730	0.037530	3750	-0.050371	-117.252651
731	0.037182	3750	-0.053291	-117.305942
732	0.036836	3750	-0.050089	-117.356031
733	0.036493	3750	-0.047693	-117.403724
734	0.036151	3750	-0.055574	-117.459298
735	0.035810	3750	-0.049109	-117.508407
736	0.035472	3750	-0.059205	-117.567612
737	0.035136	3750	-0.053020	-117.620632
738	0.034802	3750	-0.051992	-117.672623
739	0.034469	3750	-0.052168	-117.724791
740	0.034139	3750	-0.047830	-117.772621
741	0.033810	3750	-0.048400	-117.821021
742	0.033484	3750	-0.052424	-117.873445
743	0.033159	3750	-0.053597	-117.927042
744	0.032836	3750	-0.046611	-117.973653
745	0.032515	3750	-0.050989	-118.024642
746	0.032196	3750	-0.054039	-118.078680
747	0.031879	3750	-0.047430	-118.126110
748	0.031563	3750	-0.045709	-118.171819
749	0.031250	3750	-0.045840	-118.217659
750	0.030938	3750	-0.051559	-118.269218
751	0.030629	3750	-0.050635	-118.319853
752	0.030321	3750	-0.049211	-118.369065
753	0.030015	3750	-0.049873	-118.418938
754	0.029711	3750	-0.046213	-118.465151
755	0.029409	3750	-0.047638	-118.512789
756	0.029108	3750	-0.047106	-118.559894
757	0.028810	3750	-0.049395	-118.609289
758	0.028513	3750	-0.051880	-118.661169
759	0.028218	3750	-0.046864	-118.708033
760	0.027925	3750	-0.049958	-118.757991
761	0.027634	3750	-0.046088	-118.804079
762	0.027345	3750	-0.051863	-118.855941
763	0.027057	3750	-0.047693	-118.903635
764	0.026771	3750	-0.050476	-118.954110
765	0.026487	3750	-0.049969	-119.004080
766	0.026205	3750	-0.045927	-119.050007
767	0.025925	3750	-0.046773	-119.096780
768	0.025647	3750	-0.050660	-119.147439
769	0.025370	3750	-0.041689	-119.189129
770	0.025095	3750	-0.049944	-119.239073
771	0.024822	3750	-0.044446	-119.283518
772	0.024551	3750	-0.048121	-119.331640
773	0.024281	3750	-0.040709	-119.372349
774	0.024014	3750	-0.044750	-119.417098
775	0.023748	3750	-0.041365	-119.458463
776	0.023483	3750	-0.044755	-119.503218
777	0.023221	3750	-0.042354	-119.545572
778	0.022960	3750	-0.042271	-119.587843
779	0.022702	3750	-0.042291	-119.630134
780	0.022445	3750	-0.039707	-119.669841
781	0.022189	3750	-0.036757	-119.706598
782	0.021936	3750	-0.039863	-119.746460
783	0.021684	3750	-0.047088	-119.793549
784	0.021434	3750	-0.036628	-119.830177
785	0.021185	3750	-0.041257	-119.871434
786	0.020939	3750	-0.037930	-119.909363
787	0.020694	3750	-0.039139	-119.948502
788	0.020451	3750	-0.039607	-119.988109
789	0.020209	3750	-0.038675	-120.026785
790	0.019969	3750	-0.040536	-120.067321
791	0.019731	3750	-0.039196	-120.106517
792	0.019495	3750	-0.037996	-120.144513
793	0.019261	3750	-0.037686	-120.182199
794	0.019028	3750	-0.037751	-120.219950
795	0.018796	3750	-0.047731	-120.267681
796	0.018567	3750	-0.036519	-120.304199
797	0.018339	3750	-0.037381	-120.341581
798	0.018113	3750	-0.043603	-120.385184
799	0.017889	3750	-0.036156	-120.421340
800	0.017666	3750	-0.034009	-120.455349
801	0.017445	3750	-0.034630	-120.489979
802	0.017225	3750	-0.038111	-120.528089
803	0.017007	3750	-0.036948	-120.565037
804	0.016791	3750	-0.037901	-120.602938
805	0.016577	3750	-0.038558	-120.641496
806	0.016364	3750	-0.041245	-120.682741
807	0.016153	3750	-0.038330	-120.721071
808	0.015943	3750	-0.038832	-120.759903
809	0.015736	3750	-0.036722	-120.796625
810	0.015529	3750	-0.035410	-120.832035
811	0.015325	3750	-0.035542	-120.867577
812	0.015122	3750	-0.035487	-120.903064
813	0.014920	3750	-0.033004	-120.936068
814	0.014721	3750	-0.037363	-120.973431
815	0.014523	3750	-0.033098	-121.006529
816	0.014326	3750	-0.030557	-121.037086
817	0.014131	3750	-0.035961	-121.073047
818	0.013938	3750	-0.042058	-121.115105
819	0.013746	3750	-0.033819	-121.148924
820	0.013556	3750	-0.032209	-121.181133
821	0.013367	3750	-0.037386	-121.218519
822	0.013181	3750	-0.033963	-121.252482
823	0.012995	3750	-0.034564	-121.287046
824	0.012811	3750	-0.034126	-121.321172
825	0.012629	3750	-0.033552	-121.354724
826	0.012448	3750	-0.033778	-121.388501
827	0.012269	3750	-0.033677	-121.422179
828	0.012092	3750	-0.031925	-121.454103
829	0.011916	3750	-0.031937	-121.486040
830	0.011741	3750	-0.028514	-121.514554
831	0.011568	3750	-0.028414	-121.542968
832	0.011397	3750	-0.031596	-121.574564
833	0.011227	3750	-0.031715	-121.606279
834	0.011059	3750	-0.034060	-121.640339
835	0.010892	3750	-0.032027	-121.672366
836	0.010727	3750	-0.030952	-121.703318
837	0.010563	3750	-0.032475	-121.735793
838	0.010401	3750	-0.028146	-121.763939
839	0.010240	3750	-0.031048	-121.794987
840	0.010081	3750	-0.028380	-121.823368
841	0.009923	3750	-0.030141	-121.853508
842	0.009767	3750	-0.025214	-121.878722
843	0.009612	3750	-0.030351	-121.909073
844	0.009459	3750	-0.028657	-121.937729
845	0.009307	3750	-0.027270	-121.964999
846	0.009156	3750	-0.025372	-121.990371
847	0.009008	3750	-0.031737	-122.022109
848	0.008860	3750	-0.028466	-122.050574
849	0.008714	3750	-0.024284	-122.074859
850	0.008570	3750	-0.026792	-122.101651
851	0.008427	3750	-0.026199	-122.127849
852	0.008285	3750	-0.027257	-122.155107
853	0.008145	3750	-0.022479	-122.177586
854	0.008006	3750	-0.025005	-122.202590
855	0.007869	3750	-0.025634	-122.228224
856	0.007733	3750	-0.023456	-122.251681
857	0.007598	3750	-0.022733	-122.274414
858	0.007465	3750	-0.026601	-122.301015
859	0.007334	3750	-0.025542	-122.326558
860	0.007203	3750	-0.023385	-122.349943
861	0.007075	3750	-0.022455	-122.372398
862	0.006947	3750	-0.024750	-122.397148
863	0.006821	3750	-0.022130	-122.419278
864	0.006696	3750	-0.025760	-122.445037
865	0.006573	3750	-0.020523	-122.465560
866	0.006451	3750	-0.022248	-122.487808
867	0.006330	3750	-0.020986	-122.508795
868	0.006211	3750	-0.022860	-122.531654
869	0.006093	3750	-0.023197	-122.554851
870	0.005977	3750	-0.023140	-122.577991
871	0.005862	3750	-0.022077	-122.600068
872	0.005748	3750	-0.021271	-122.621339
873	0.005635	3750	-0.021053	-122.642392
874	0.005524	3750	-0.020211	-122.662602
875	0.005414	3750	-0.020352	-122.682955
876	0.005306	3750	-0.020085	-122.703039
877	0.005199	3750	-0.020109	-122.723148
878	0.005093	3750	-0.017078	-122.740226
879	0.004988	3750	-0.019412	-122.759638
880	0.004885	3750	-0.018311	-122.777950
881	0.004783	3750	-0.020887	-122.798837
882	0.004682	3750	-0.018704	-122.817541
883	0.004583	3750	-0.018126	-122.835667
884	0.004485	3750	-0.018938	-122.854605
885	0.004388	3750	-0.019158	-122.873763
886	0.004292	3750	-0.020457	-122.894221
887	0.004198	3750	-0.018874	-122.913095
888	0.004105	3750	-0.017446	-122.930541
889	0.004013	3750	-0.016579	-122.947121
890	0.003923	3750	-0.017514	-122.964635
891	0.003833	3750	-0.020625	-122.985260
892	0.003745	3750	-0.018314	-123.003574
893	0.003658	3750	-0.019082	-123.022656
894	0.003573	3750	-0.016971	-123.039628
895	0.003488	3750	-0.018267	-123.057895
896	0.003405	3750	-0.018358	-123.076252
897	0.003323	3750	-0.016096	-123.092348
898	0.003242	3750	-0.016187	-123.108536
899	0.003162	3750	-0.017318	-123.125854
900	0.003084	3750	-0.016869	-123.142723
901	0.003007	3750	-0.015164	-123.157887
902	0.002930	3750	-0.015497	-123.173383
903	0.002855	3750	-0.016024	-123.189408
904	0.002782	3750	-0.013732	-123.203140
905	0.002709	3750	-0.017681	-123.220821
906	0.002638	3750	-0.015117	-123.235938
907	0.002567	3750	-0.014991	-123.250928
908	0.002498	3750	-0.013638	-123.264566
909	0.002430	3750	-0.010811	-123.275377
910	0.002363	3750	-0.012189	-123.287566
911	0.002297	3750	-0.012910	-123.300476
912	0.002233	3750	-0.012861	-123.313337
913	0.002169	3750	-0.013161	-123.326499
914	0.002106	3750	-0.010992	-123.337491
915	0.002045	3750	-0.013494	-123.350985
916	0.001985	3750	-0.011431	-123.362415
917	0.001925	3750	-0.012667	-123.375082
918	0.001867	3750	-0.012693	-123.387775
919	0.001810	3750	-0.011849	-123.399624
920	0.001754	3750	-0.012260	-123.411884
921	0.001699	3750	-0.011113	-123.422996
922	0.001645	3750	-0.012461	-123.435458
923	0.001592	3750	-0.011937	-123.447395
924	0.001540	3750	-0.011124	-123.458519
925	0.001490	3750	-0.011335	-123.469854
926	0.001440	3750	-0.010850	-123.480703
927	0.001391	3750	-0.011661	-123.492365
928	0.001343	3750	-0.011341	-123.503705
929	0.001296	3750	-0.010926	-123.514631
930	0.001251	3750	-0.010530	-123.525161
931	0.001206	3750	-0.009949	-123.535111
932	0.001162	3750	-0.009040	-123.544151
933	0.001119	3750	-0.009349	-123.553500
934	0.001077	3750	-0.010118	-123.563618
935	0.001036	3750	-0.008958	-123.572576
936	0.000996	3750	-0.007402	-123.579977
937	0.000957	3750	-0.006859	-123.586836
938	0.000919	3750	-0.006802	-123.593639
939	0.000882	3750	-0.008509	-123.602148
940	0.000846	3750	-0.007210	-123.609358
941	0.000810	3750	-0.007407	-123.616765
942	0.000776	3750	-0.006408	-123.623173
943	0.000742	3750	-0.006553	-123.629726
944	0.000709	3750	-0.006974	-123.636700
945	0.000678	3750	-0.006535	-123.643235
946	0.000647	3750	-0.006147	-123.649382
947	0.000617	3750	-0.005822	-123.655204
948	0.000587	3750	-0.005760	-123.660964
949	0.000559	3750	-0.005052	-123.666016
950	0.000531	3750	-0.004849	-123.670865
951	0.000505	3750	-0.005456	-123.676321
952	0.000479	3750	-0.004726	-123.681047
953	0.000454	3750	-0.005054	-123.686101
954	0.000430	3750	-0.005406	-123.691507
955	0.000406	3750	-0.005087	-123.696594
956	0.000383	3750	-0.005329	-123.701923
957	0.000362	3750	-0.004810	-123.706733
958	0.000340	3750	-0.004613	-123.711347
959	0.000320	3750	-0.004346	-123.715692
960	0.000300	3750	-0.004397	-123.720090
961	0.000281	3750	-0.003922	-123.724012
962	0.000263	3750	-0.004168	-123.728180
963	0.000246	3750	-0.004061	-123.732240
964	0.000229	3750	-0.003106	-123.735346
965	0.000213	3750	-0.003232	-123.738578
966	0.000198	3750	-0.002748	-123.741326
967	0.000183	3750	-0.003199	-123.744525
968	0.000169	3750	-0.003213	-123.747737
969	0.000156	3750	-0.002682	-123.750420
970	0.000143	3750	-0.002478	-123.752898
971	0.000131	3750	-0.002128	-123.755026
972	0.000120	3750	-0.002557	-123.757582
973	0.000109	3750	-0.002111	-123.759694
974	0.000099	3750	-0.002040	-123.761734
975	0.000089	3750	-0.001806	-123.763540
976	0.000080	3750	-0.001908	-123.765448
977	0.000072	3750	-0.001815	-123.767262
978	0.000064	3750	-0.001662	-123.768924
979	0.000057	3750	-0.001377	-123.770301
980	0.000050	3750	-0.001420	-123.771721
981	0.000043	3750	-0.001169	-123.772890
982	0.000038	3750	-0.001186	-123.774076
983	0.000032	3750	-0.001073	-123.775149
984	0.000028	3750	-0.001094	-123.776244
985	0.000023	3750	-0.000929	-123.777173
986	0.000019	3750	-0.000822	-123.777994
987	0.000016	3750	-0.000731	-123.778725
988	0.000013	3750	-0.000625	-123.779351
989	0.000010	3750	-0.000492	-123.779842
990	0.000008	3750	-0.000514	-123.780356
991	0.000006	3750	-0.000379	-123.780735
992	0.000004	3750	-0.000273	-123.781008
993	0.000003	3750	-0.000282	-123.781290
994	0.000002	3750	-0.000176	-123.781465
995	0.000001	3750	-0.000124	-123.781590
996	0.000000	3750	-0.000117	-123.781707
997	0.000000	3750	-0.000077	-123.781784
998	0.000000	3750	-0.000027	-123.781811
999	0.000000	3750	-0.000007	-123.781818
Log marginal likelihood:	-123.781818
